F:[10, 1, 16, 8, 2, 18, 19, 2, 8, 18, 3, 16, 14, 1, 14, 7, 3, 4, 1, 8, 21, 7, 2, 20, 9, 1, 9, 12, 5, 29]
T:[10, 1, 16, 8, 2, 18, 19, 2, 8, 18, 3, 16, 14, 1, 14, 7, 3, 4, 1, 8, 21, 7, 2, 20, 9, 1, 9, 12, 5, 29]
firstSeleteArray:[11085728, 457668, 19309745, 4906046, 1615598, 14789987, 14778329, 1750427, 7427653, 13257434, 2648035, 15250920, 12746580, 446004, 11777594, 4611666, 1773287, 3273185, 891542, 7017570, 23868697, 7304954, 4592071, 27768902, 13270029, 1957567, 10599133, 10806272, 8035543, 32193022]
firstGenerateArray:[269190, 16795, 296715, 121763, 36856, 271990, 312574, 29859, 192211, 284118, 44787, 237465, 195946, 15395, 284582, 106370, 42920, 71845, 17728, 135763, 1568483, 231866, 76045, 1177062, 307908, 34524, 275719, 258926, 133428, 581767]
firstExecuteArray:[351767, 19594, 363429, 154422, 50852, 324242, 417546, 33590, 419413, 364363, 62983, 273856, 224402, 16329, 511321, 126895, 55517, 86308, 20528, 172613, 1159798, 598095, 112901, 1979493, 495924, 47119, 357830, 322839, 167485, 811298]
allSeleteArray:[11085728, 457668, 19309745, 4906046, 1615598, 14789987, 14778329, 1750427, 7427653, 13257434, 2648035, 15250920, 12746580, 446004, 11777594, 4611666, 1773287, 3273185, 891542, 7017570, 23868697, 7304954, 4592071, 27768902, 13270029, 1957567, 10599133, 10806272, 8035543, 32193022]
allGenerateArray:[269190, 16795, 296715, 121763, 36856, 271990, 312574, 29859, 192211, 284118, 44787, 237465, 195946, 15395, 284582, 106370, 42920, 71845, 17728, 135763, 1568483, 231866, 76045, 1177062, 307908, 34524, 275719, 258926, 133428, 581767]
allExecuteArray:[351767, 19594, 363429, 154422, 50852, 324242, 417546, 33590, 419413, 364363, 62983, 273856, 224402, 16329, 511321, 126895, 55517, 86308, 20528, 172613, 1159798, 598095, 112901, 1979493, 495924, 47119, 357830, 322839, 167485, 811298]
averageF:9.0
averageT:9.0
averagefirstSelete:9673706.0
averagefirstGenerate:254353.0
averagefirstExecute:336758.0
averageallSelete:9673706.0
averageallGenerate:254353.0
averageallExecute:336758.0
