F:[2, 20, 2, 32, 27, 12, 7, 21, 1, 14, 8, 18, 12, 2, 4, 13, 25, 4, 7, 11, 40, 6, 3, 13, 3, 15, 1, 14, 17, 3]
T:[79, 76, 51, 46, 56, 42, 235, 261, 37, 33, 26, 29, 22, 28, 9, 34, 35, 21, 63, 42, 54, 52, 75, 51, 63, 57, 66, 61, 46, 50]
firstSeleteArray:[3878, 9170, 2821, 33141, 13749, 8815, 5641, 15512, 2116, 8462, 6349, 26447, 10228, 2115, 3878, 21507, 11283, 4231, 4583, 6346, 35966, 3877, 2821, 8465, 5290, 8462, 2116, 9521, 20099, 3175]
firstGenerateArray:[31029, 149866, 15163, 364955, 234486, 313119, 53247, 251771, 4937, 134700, 69468, 193586, 143869, 13401, 50073, 123063, 203812, 35617, 57828, 114952, 766951, 40200, 19745, 176317, 14811, 121300, 9873, 128349, 273279, 21863]
firstExecuteArray:[13046, 54302, 8110, 174548, 65941, 191117, 23627, 81102, 3173, 47954, 31384, 84625, 59592, 6699, 10224, 98733, 66641, 15517, 17983, 28211, 317715, 14810, 7758, 59950, 7052, 39141, 5290, 37023, 84978, 11283]
allSeleteArray:[43723, 28561, 27154, 38785, 28206, 32089, 123070, 182301, 20809, 15514, 21866, 31031, 15516, 16220, 6346, 37730, 17276, 14110, 23626, 18683, 44430, 25038, 45847, 24684, 37734, 31378, 36312, 296201, 34206, 25748]
allGenerateArray:[352264, 372714, 249657, 443587, 465096, 1559267, 1076903, 1428812, 254237, 229200, 192884, 260232, 251414, 112840, 66294, 304306, 251768, 132585, 315240, 219327, 865334, 224971, 688660, 324061, 287024, 294437, 279268, 376946, 379419, 224977]
allExecuteArray:[116715, 118834, 118476, 199939, 157975, 321234, 308893, 519050, 58531, 78630, 276454, 105783, 82160, 40554, 15513, 162909, 84271, 56067, 77228, 56417, 352977, 66295, 255650, 136819, 203464, 104368, 93443, 145630, 126239, 81804]
averageF:11.0
averageT:60.0
averagefirstSelete:10002.0
averagefirstGenerate:137721.0
averagefirstExecute:55584.0
averageallSelete:44806.0
averageallGenerate:416124.0
averageallExecute:150744.0