F:[2, 4, 3, 10, 2, 4, 4, 2, 3, 29, 26, 5, 1, 19, 4, 7, 14, 8, 1, 12, 11, 30, 7, 2, 4, 3, 3, 3, 4, 4]
T:[2, 4, 3, 10, 2, 4, 4, 2, 3, 29, 26, 5, 1, 19, 4, 7, 14, 8, 1, 12, 11, 30, 7, 2, 4, 3, 3, 3, 4, 4]
firstSeleteArray:[1410, 1763, 4937, 4585, 1410, 2116, 1763, 1058, 706, 8464, 7757, 1408, 1057, 9521, 3527, 3172, 4233, 1762, 1058, 3174, 2114, 9174, 2823, 1058, 1411, 2467, 1762, 1765, 1763, 2468]
firstGenerateArray:[9168, 13399, 3546978, 32441, 8463, 12341, 14105, 7758, 9169, 86388, 77928, 15516, 3174, 67703, 119538, 25387, 47955, 16220, 2115, 23978, 21509, 86037, 26448, 7405, 180540, 12342, 12342, 10579, 9874, 16220]
firstExecuteArray:[3526, 3174, 9520, 7052, 1763, 2821, 3174, 1410, 2468, 13400, 14811, 2468, 8110, 13755, 85334, 6346, 8817, 3172, 706, 4584, 3880, 15162, 5640, 1763, 3526, 2822, 2469, 3173, 2469, 4937]
allSeleteArray:[1410, 1763, 4937, 4585, 1410, 2116, 1763, 1058, 706, 8464, 7757, 1408, 1057, 9521, 3527, 3172, 4233, 1762, 1058, 3174, 2114, 9174, 2823, 1058, 1411, 2467, 1762, 1765, 1763, 2468]
allGenerateArray:[9168, 13399, 3546978, 32441, 8463, 12341, 14105, 7758, 9169, 86388, 77928, 15516, 3174, 67703, 119538, 25387, 47955, 16220, 2115, 23978, 21509, 86037, 26448, 7405, 180540, 12342, 12342, 10579, 9874, 16220]
allExecuteArray:[3526, 3174, 9520, 7052, 1763, 2821, 3174, 1410, 2468, 13400, 14811, 2468, 8110, 13755, 85334, 6346, 8817, 3172, 706, 4584, 3880, 15162, 5640, 1763, 3526, 2822, 2469, 3173, 2469, 4937]
averageF:7.0
averageT:7.0
averagefirstSelete:3056.0
averagefirstGenerate:150767.0
averagefirstExecute:8075.0
averageallSelete:3056.0
averageallGenerate:150767.0
averageallExecute:8075.0
