F:[23, 13, 14, 13, 69, 5, 103, 6, 63, 20, 26, 22, 17, 13, 1, 57, 114, 14, 50, 30, 18, 3, 29, 73, 1, 24, 5, 1, 11, 19]
T:[84, 125, 29, 63, 208, 48, 249, 223, 157, 79, 47, 137, 127, 132, 92, 94, 575, 33, 164, 69, 207, 95, 71, 153, 2, 84, 125, 128, 99, 63]
firstSeleteArray:[6701, 5291, 3174, 2118, 15164, 2116, 19046, 705, 132228, 6698, 8459, 8110, 4584, 3527, 353, 12339, 20806, 4230, 7050, 8816, 3525, 1410, 7055, 14455, 352, 5642, 1409, 352, 2821, 7053]
firstGenerateArray:[203465, 127292, 157974, 123423, 641397, 52891, 1100166, 50776, 1255670, 282445, 305372, 323349, 275395, 102259, 3174, 611090, 1049052, 123063, 510585, 307126, 239430, 14458, 344860, 875902, 2821, 218969, 66995, 4583, 140344, 259526]
firstExecuteArray:[20808, 19040, 11282, 8461, 55721, 4936, 81090, 4936, 92030, 21862, 28913, 23977, 15515, 11283, 705, 44782, 86022, 12343, 42323, 31385, 21863, 2821, 26445, 61358, 706, 18339, 4589, 1059, 27850, 28564]
allSeleteArray:[22924, 27504, 5996, 10931, 41259, 11286, 50782, 38789, 154791, 22566, 14452, 33146, 23272, 23627, 17279, 18332, 92745, 7404, 26090, 19745, 37376, 16573, 13751, 37379, 705, 17984, 21854, 28214, 29270, 25388]
allGenerateArray:[872375, 616721, 205577, 411158, 1160454, 235195, 1886164, 1128724, 1675983, 632950, 445716, 878373, 770824, 506710, 504596, 704534, 2812838, 192882, 1027519, 752474, 989799, 371658, 563836, 1301860, 10931, 543375, 727798, 770476, 558540, 477441]
allExecuteArray:[83927, 47607, 14104, 21512, 565251, 17274, 143502, 86744, 126590, 46196, 42311, 66646, 44781, 35617, 40554, 53953, 184405, 16223, 83586, 75110, 79342, 25032, 40547, 103676, 1763, 42319, 51840, 69113, 94496, 46546]
averageF:28.0
averageT:125.0
averagefirstSelete:10519.0
averagefirstGenerate:325795.0
averagefirstExecute:27033.0
averageallSelete:29713.0
averageallGenerate:791249.0
averageallExecute:78352.0
