F:[3, 8, 2, 1, 8, 9, 8, 1, 6, 2, 2, 3, 1, 10, 1, 5, 12, 5, 1, 3, 11, 17, 5, 3, 4, 5, 4, 3, 6, 26]
T:[3, 8, 2, 1, 8, 9, 8, 1, 6, 2, 2, 3, 1, 10, 1, 5, 12, 5, 1, 3, 11, 17, 5, 3, 4, 5, 4, 3, 6, 26]
firstSeleteArray:[2821, 4586, 2116, 1411, 3527, 9168, 5994, 1058, 3878, 705, 1058, 2114, 706, 6701, 705, 2821, 11281, 4586, 1058, 1763, 5290, 9524, 3173, 1763, 4584, 6347, 4230, 2820, 3525, 10577]
firstGenerateArray:[18688, 31382, 9874, 5995, 31382, 83571, 50425, 7405, 28915, 10931, 11284, 16574, 6347, 46545, 6347, 24683, 121654, 28562, 5642, 14456, 40906, 59595, 21157, 12342, 49366, 51128, 35969, 13048, 23626, 90269]
firstExecuteArray:[8463, 9874, 3526, 2468, 9873, 35965, 16927, 3526, 7405, 3879, 3879, 5289, 2116, 13399, 2821, 6700, 148454, 10578, 2116, 4937, 10577, 14812, 5993, 4231, 13752, 27152, 20098, 4232, 5994, 25385]
allSeleteArray:[2821, 4586, 2116, 1411, 3527, 9168, 5994, 1058, 3878, 705, 1058, 2114, 706, 6701, 705, 2821, 11281, 4586, 1058, 1763, 5290, 9524, 3173, 1763, 4584, 6347, 4230, 2820, 3525, 10577]
allGenerateArray:[18688, 31382, 9874, 5995, 31382, 83571, 50425, 7405, 28915, 10931, 11284, 16574, 6347, 46545, 6347, 24683, 121654, 28562, 5642, 14456, 40906, 59595, 21157, 12342, 49366, 51128, 35969, 13048, 23626, 90269]
allExecuteArray:[8463, 9874, 3526, 2468, 9873, 35965, 16927, 3526, 7405, 3879, 3879, 5289, 2116, 13399, 2821, 6700, 148454, 10578, 2116, 4937, 10577, 14812, 5993, 4231, 13752, 27152, 20098, 4232, 5994, 25385]
averageF:5.0
averageT:5.0
averagefirstSelete:3996.0
averagefirstGenerate:31935.0
averagefirstExecute:14480.0
averageallSelete:3996.0
averageallGenerate:31935.0
averageallExecute:14480.0