F:[2, 3, 1, 7, 10, 26, 8, 1, 13, 5, 2, 5, 10, 4, 11, 15, 10, 1, 1, 8, 24, 14, 24, 12, 12, 1, 2, 8, 1, 14]
T:[2, 3, 1, 7, 10, 26, 8, 1, 13, 5, 2, 5, 10, 4, 11, 15, 10, 1, 1, 8, 24, 14, 24, 12, 12, 1, 2, 8, 1, 14]
firstSeleteArray:[5290, 3879, 2116, 7404, 11282, 24327, 7758, 1763, 16925, 9169, 2821, 4584, 8815, 4230, 10224, 8110, 7051, 1411, 1410, 4233, 12693, 10226, 11988, 8111, 7760, 2115, 1763, 5641, 2116, 7756]
firstGenerateArray:[1659418, 32089, 9168, 67350, 99086, 277160, 76166, 9873, 224266, 84627, 27503, 49365, 618491, 35262, 126942, 104020, 135052, 7757, 7757, 46546, 386470, 62765, 92033, 52185, 50777, 6699, 8815, 37376, 6700, 63120]
firstExecuteArray:[99791, 26798, 8816, 780342, 1048331, 188653, 50072, 5994, 303251, 59592, 12694, 26800, 48308, 19746, 62766, 47956, 40904, 5290, 4937, 49366, 85333, 518348, 55360, 449234, 27856, 2821, 4584, 18339, 3174, 29972]
allSeleteArray:[5290, 3879, 2116, 7404, 11282, 24327, 7758, 1763, 16925, 9169, 2821, 4584, 8815, 4230, 10224, 8110, 7051, 1411, 1410, 4233, 12693, 10226, 11988, 8111, 7760, 2115, 1763, 5641, 2116, 7756]
allGenerateArray:[1659418, 32089, 9168, 67350, 99086, 277160, 76166, 9873, 224266, 84627, 27503, 49365, 618491, 35262, 126942, 104020, 135052, 7757, 7757, 46546, 386470, 62765, 92033, 52185, 50777, 6699, 8815, 37376, 6700, 63120]
allExecuteArray:[99791, 26798, 8816, 780342, 1048331, 188653, 50072, 5994, 303251, 59592, 12694, 26800, 48308, 19746, 62766, 47956, 40904, 5290, 4937, 49366, 85333, 518348, 55360, 449234, 27856, 2821, 4584, 18339, 3174, 29972]
averageF:8.0
averageT:8.0
averagefirstSelete:7099.0
averagefirstGenerate:148827.0
averagefirstExecute:136180.0
averageallSelete:7099.0
averageallGenerate:148827.0
averageallExecute:136180.0
F:[7, 5, 3, 1, 15, 13, 4, 18, 3, 13, 21, 27, 1, 18, 4, 13, 11, 1, 25, 23, 4, 4, 15, 16, 5, 5, 4, 4, 6, 9]
T:[7, 5, 3, 1, 15, 13, 4, 18, 3, 13, 21, 27, 1, 18, 4, 13, 11, 1, 25, 23, 4, 4, 15, 16, 5, 5, 4, 4, 6, 9]
firstSeleteArray:[6700, 4938, 2821, 1410, 7053, 4936, 2467, 6699, 2821, 7050, 15165, 14104, 2468, 11637, 4938, 7757, 7758, 1410, 16928, 17988, 4231, 3174, 9167, 11636, 4232, 5289, 4583, 8815, 6698, 4937]
firstGenerateArray:[48661, 24332, 12694, 4584, 64175, 47602, 15514, 65587, 12343, 47250, 97676, 111427, 7405, 95205, 22568, 59238, 51129, 5289, 124827, 296905, 21157, 22920, 68759, 85335, 27857, 30325, 19747, 35261, 27856, 39846]
firstExecuteArray:[21510, 12696, 6699, 2821, 22568, 19394, 7758, 26095, 6347, 19746, 7470906, 49720, 4584, 44430, 13047, 27506, 27858, 2821, 64173, 51483, 9168, 11284, 32794, 51836, 16573, 18336, 9521, 16221, 12341, 18336]
allSeleteArray:[6700, 4938, 2821, 1410, 7053, 4936, 2467, 6699, 2821, 7050, 15165, 14104, 2468, 11637, 4938, 7757, 7758, 1410, 16928, 17988, 4231, 3174, 9167, 11636, 4232, 5289, 4583, 8815, 6698, 4937]
allGenerateArray:[48661, 24332, 12694, 4584, 64175, 47602, 15514, 65587, 12343, 47250, 97676, 111427, 7405, 95205, 22568, 59238, 51129, 5289, 124827, 296905, 21157, 22920, 68759, 85335, 27857, 30325, 19747, 35261, 27856, 39846]
allExecuteArray:[21510, 12696, 6699, 2821, 22568, 19394, 7758, 26095, 6347, 19746, 7470906, 49720, 4584, 44430, 13047, 27506, 27858, 2821, 64173, 51483, 9168, 11284, 32794, 51836, 16573, 18336, 9521, 16221, 12341, 18336]
averageF:9.0
averageT:9.0
averagefirstSelete:6993.0
averagefirstGenerate:53115.0
averagefirstExecute:269952.0
averageallSelete:6993.0
averageallGenerate:53115.0
averageallExecute:269952.0
F:[10, 10, 5, 11, 16, 5, 8, 19, 5, 28, 16, 21, 15, 2, 10, 10, 10, 4, 15, 9, 3, 6, 15, 3, 10, 1, 4, 11, 6, 16]
T:[10, 10, 5, 11, 16, 5, 8, 19, 5, 28, 16, 21, 15, 2, 10, 10, 10, 4, 15, 9, 3, 6, 15, 3, 10, 1, 4, 11, 6, 16]
firstSeleteArray:[4582, 2822, 1764, 2820, 3528, 1764, 2466, 4937, 1411, 9520, 6345, 5996, 4584, 1058, 2821, 3174, 7052, 3526, 8463, 6348, 3174, 3175, 4231, 1058, 3523, 705, 1059, 3877, 2115, 4587]
firstGenerateArray:[29619, 24682, 11990, 29973, 38788, 11635, 19393, 46194, 12695, 86744, 41961, 49720, 36320, 5641, 22922, 23624, 66292, 22569, 71230, 44781, 13751, 16927, 35616, 7757, 24684, 2821, 10580, 26796, 14107, 38080]
firstExecuteArray:[11284, 8464, 4231, 9520, 13046, 4232, 7052, 15162, 4937, 39489, 16573, 17627, 13047, 2468, 8462, 8465, 26799, 12695, 31382, 22567, 6700, 7757, 13051, 3174, 9168, 1411, 4231, 9522, 5289, 13050]
allSeleteArray:[4582, 2822, 1764, 2820, 3528, 1764, 2466, 4937, 1411, 9520, 6345, 5996, 4584, 1058, 2821, 3174, 7052, 3526, 8463, 6348, 3174, 3175, 4231, 1058, 3523, 705, 1059, 3877, 2115, 4587]
allGenerateArray:[29619, 24682, 11990, 29973, 38788, 11635, 19393, 46194, 12695, 86744, 41961, 49720, 36320, 5641, 22922, 23624, 66292, 22569, 71230, 44781, 13751, 16927, 35616, 7757, 24684, 2821, 10580, 26796, 14107, 38080]
allExecuteArray:[11284, 8464, 4231, 9520, 13046, 4232, 7052, 15162, 4937, 39489, 16573, 17627, 13047, 2468, 8462, 8465, 26799, 12695, 31382, 22567, 6700, 7757, 13051, 3174, 9168, 1411, 4231, 9522, 5289, 13050]
averageF:10.0
averageT:10.0
averagefirstSelete:3749.0
averagefirstGenerate:29596.0
averagefirstExecute:11695.0
averageallSelete:3749.0
averageallGenerate:29596.0
averageallExecute:11695.0
F:[1, 1, 30, 12, 8, 31, 1, 7, 12, 3, 5, 20, 4, 1, 1, 7, 10, 6, 19, 1, 8, 3, 1, 11, 1, 11, 9, 4, 1, 3]
T:[1, 1, 30, 12, 8, 31, 1, 7, 12, 3, 5, 20, 4, 1, 1, 7, 10, 6, 19, 1, 8, 3, 1, 11, 1, 11, 9, 4, 1, 3]
firstSeleteArray:[1411, 705, 8108, 3526, 2469, 67702, 1763, 3525, 6344, 1764, 3174, 11637, 8111, 2821, 1411, 4231, 4230, 2821, 8816, 1763, 4938, 3526, 1058, 5644, 1058, 3173, 3525, 1410, 705, 1411]
firstGenerateArray:[7757, 3527, 73344, 29617, 20099, 150216, 5289, 31736, 50426, 13400, 22215, 137519, 47251, 5642, 5289, 29620, 41254, 23978, 79341, 4584, 53596, 9169, 4936, 33852, 3174, 28563, 22216, 9520, 3173, 7758]
firstExecuteArray:[5995, 2116, 27855, 10931, 6699, 607561, 3173, 14105, 23625, 5994, 9873, 44779, 21863, 4937, 2468, 14105, 18335, 10932, 34557, 2821, 28211, 4935, 3526, 15165, 1763, 9871, 8462, 4231, 1411, 3526]
allSeleteArray:[1411, 705, 8108, 3526, 2469, 67702, 1763, 3525, 6344, 1764, 3174, 11637, 8111, 2821, 1411, 4231, 4230, 2821, 8816, 1763, 4938, 3526, 1058, 5644, 1058, 3173, 3525, 1410, 705, 1411]
allGenerateArray:[7757, 3527, 73344, 29617, 20099, 150216, 5289, 31736, 50426, 13400, 22215, 137519, 47251, 5642, 5289, 29620, 41254, 23978, 79341, 4584, 53596, 9169, 4936, 33852, 3174, 28563, 22216, 9520, 3173, 7758]
allExecuteArray:[5995, 2116, 27855, 10931, 6699, 607561, 3173, 14105, 23625, 5994, 9873, 44779, 21863, 4937, 2468, 14105, 18335, 10932, 34557, 2821, 28211, 4935, 3526, 15165, 1763, 9871, 8462, 4231, 1411, 3526]
averageF:7.0
averageT:7.0
averagefirstSelete:5759.0
averagefirstGenerate:31935.0
averagefirstExecute:31794.0
averageallSelete:5759.0
averageallGenerate:31935.0
averageallExecute:31794.0
F:[2, 7, 10, 3, 3, 5, 15, 2, 4, 32, 9, 10, 1, 2, 20, 8, 11, 9, 10, 7, 45, 7, 10, 8, 11, 6, 14, 3, 7, 18]
T:[2, 7, 10, 3, 3, 5, 15, 2, 4, 32, 9, 10, 1, 2, 20, 8, 11, 9, 10, 7, 45, 7, 10, 8, 11, 6, 14, 3, 7, 18]
firstSeleteArray:[1058, 1762, 1410, 1057, 2115, 1763, 5641, 1058, 1762, 15163, 3879, 2116, 352, 352, 1762, 1763, 2116, 2116, 1763, 1059, 7760, 1763, 2118, 705, 1058, 1058, 1762, 1058, 2116, 7406]
firstGenerateArray:[21862, 16924, 23623, 12693, 10578, 16222, 73341, 6347, 10226, 264463, 24330, 23626, 2821, 4937, 45487, 18339, 27151, 21157, 23270, 16220, 101915, 16219, 22216, 18692, 25740, 14810, 32087, 7053, 63826, 76520]
firstExecuteArray:[18688, 4585, 4585, 18689, 3174, 4233, 17983, 2115, 3174, 42666, 11636, 4231, 1058, 1410, 9169, 3526, 4937, 3527, 4586, 3879, 19038, 4233, 4584, 3875, 5644, 2820, 6701, 1764, 6699, 19395]
allSeleteArray:[1058, 1762, 1410, 1057, 2115, 1763, 5641, 1058, 1762, 15163, 3879, 2116, 352, 352, 1762, 1763, 2116, 2116, 1763, 1059, 7760, 1763, 2118, 705, 1058, 1058, 1762, 1058, 2116, 7406]
allGenerateArray:[21862, 16924, 23623, 12693, 10578, 16222, 73341, 6347, 10226, 264463, 24330, 23626, 2821, 4937, 45487, 18339, 27151, 21157, 23270, 16220, 101915, 16219, 22216, 18692, 25740, 14810, 32087, 7053, 63826, 76520]
allExecuteArray:[18688, 4585, 4585, 18689, 3174, 4233, 17983, 2115, 3174, 42666, 11636, 4231, 1058, 1410, 9169, 3526, 4937, 3527, 4586, 3879, 19038, 4233, 4584, 3875, 5644, 2820, 6701, 1764, 6699, 19395]
averageF:9.0
averageT:9.0
averagefirstSelete:2562.0
averagefirstGenerate:34756.0
averagefirstExecute:8086.0
averageallSelete:2562.0
averageallGenerate:34756.0
averageallExecute:8086.0
F:[8, 2, 19, 5, 5, 10, 4, 4, 21, 25, 4, 9, 3, 3, 7, 2, 4, 18, 6, 4, 13, 1, 5, 10, 2, 11, 15, 5, 12, 8]
T:[8, 2, 19, 5, 5, 10, 4, 4, 21, 25, 4, 9, 3, 3, 7, 2, 4, 18, 6, 4, 13, 1, 5, 10, 2, 11, 15, 5, 12, 8]
firstSeleteArray:[3525, 705, 3878, 2116, 1412, 2821, 3877, 2469, 5644, 6701, 1058, 2471, 1058, 1056, 1764, 352, 1410, 5287, 1764, 1411, 4234, 353, 1411, 2469, 706, 5291, 6347, 1057, 5290, 3175]
firstGenerateArray:[23626, 5290, 44075, 11990, 11989, 34911, 22215, 21863, 80395, 92384, 15515, 32442, 11637, 10931, 25035, 7053, 13751, 63120, 21861, 13753, 45487, 4231, 19041, 36319, 7758, 53243, 51131, 12339, 46898, 31384]
firstExecuteArray:[7404, 1763, 8465, 3526, 2820, 11283, 21510, 8110, 15162, 17985, 3526, 7051, 2820, 2468, 5995, 1763, 3173, 12695, 5290, 3527, 9168, 1411, 3880, 6699, 2116, 15868, 15162, 2470, 14105, 7403]
allSeleteArray:[3525, 705, 3878, 2116, 1412, 2821, 3877, 2469, 5644, 6701, 1058, 2471, 1058, 1056, 1764, 352, 1410, 5287, 1764, 1411, 4234, 353, 1411, 2469, 706, 5291, 6347, 1057, 5290, 3175]
allGenerateArray:[23626, 5290, 44075, 11990, 11989, 34911, 22215, 21863, 80395, 92384, 15515, 32442, 11637, 10931, 25035, 7053, 13751, 63120, 21861, 13753, 45487, 4231, 19041, 36319, 7758, 53243, 51131, 12339, 46898, 31384]
allExecuteArray:[7404, 1763, 8465, 3526, 2820, 11283, 21510, 8110, 15162, 17985, 3526, 7051, 2820, 2468, 5995, 1763, 3173, 12695, 5290, 3527, 9168, 1411, 3880, 6699, 2116, 15868, 15162, 2470, 14105, 7403]
averageF:8.0
averageT:8.0
averagefirstSelete:2703.0
averagefirstGenerate:29055.0
averagefirstExecute:7487.0
averageallSelete:2703.0
averageallGenerate:29055.0
averageallExecute:7487.0
F:[10, 8, 19, 7, 10, 16, 3, 6, 21, 2, 37, 23, 10, 20, 11, 2, 13, 1, 16, 7, 6, 3, 7, 18, 1, 40, 11, 11, 2, 31]
T:[10, 8, 19, 7, 10, 16, 3, 6, 21, 2, 37, 23, 10, 20, 11, 2, 13, 1, 16, 7, 6, 3, 7, 18, 1, 40, 11, 11, 2, 31]
firstSeleteArray:[3172, 2117, 7407, 3172, 2466, 3879, 1410, 2117, 5290, 705, 8110, 4588, 2114, 5290, 2820, 706, 4230, 353, 2116, 1763, 705, 1057, 2115, 3525, 705, 9875, 10579, 4935, 1763, 9518]
firstGenerateArray:[39845, 26799, 101907, 35614, 24330, 38083, 8111, 14105, 46548, 4937, 82512, 51483, 22919, 46195, 25390, 4584, 29620, 2821, 37023, 16574, 14105, 7051, 16573, 40899, 2821, 89214, 45838, 48662, 10226, 109662]
firstExecuteArray:[11284, 7054, 20807, 21863, 9521, 7404, 1410, 3526, 10575, 1411, 17281, 10931, 4940, 8812, 5994, 1058, 6699, 705, 7055, 3173, 2821, 2117, 4232, 7760, 705, 18331, 16574, 13400, 2820, 22216]
allSeleteArray:[3172, 2117, 7407, 3172, 2466, 3879, 1410, 2117, 5290, 705, 8110, 4588, 2114, 5290, 2820, 706, 4230, 353, 2116, 1763, 705, 1057, 2115, 3525, 705, 9875, 10579, 4935, 1763, 9518]
allGenerateArray:[39845, 26799, 101907, 35614, 24330, 38083, 8111, 14105, 46548, 4937, 82512, 51483, 22919, 46195, 25390, 4584, 29620, 2821, 37023, 16574, 14105, 7051, 16573, 40899, 2821, 89214, 45838, 48662, 10226, 109662]
allExecuteArray:[11284, 7054, 20807, 21863, 9521, 7404, 1410, 3526, 10575, 1411, 17281, 10931, 4940, 8812, 5994, 1058, 6699, 705, 7055, 3173, 2821, 2117, 4232, 7760, 705, 18331, 16574, 13400, 2820, 22216]
averageF:12.0
averageT:12.0
averagefirstSelete:3620.0
averagefirstGenerate:34815.0
averagefirstExecute:8415.0
averageallSelete:3620.0
averageallGenerate:34815.0
averageallExecute:8415.0
F:[6, 5, 7, 9, 14, 2, 26, 1, 1, 12, 3, 21, 16, 9, 3, 1, 12, 2, 11, 1, 2, 1, 9, 3, 10, 10, 4, 2, 10, 2]
T:[6, 5, 7, 9, 14, 2, 26, 1, 1, 12, 3, 21, 16, 9, 3, 1, 12, 2, 11, 1, 2, 1, 9, 3, 10, 10, 4, 2, 10, 2]
firstSeleteArray:[2821, 1763, 1411, 2822, 3174, 1057, 4232, 352, 353, 2822, 1059, 4230, 4586, 1059, 705, 352, 3524, 353, 2468, 353, 706, 352, 1408, 1058, 2115, 2468, 353, 706, 2467, 706]
firstGenerateArray:[18337, 12341, 17280, 20451, 32791, 5642, 60300, 3174, 3173, 27506, 7404, 47248, 40198, 20805, 7405, 2468, 28210, 5290, 26095, 2821, 4937, 2468, 20454, 7051, 23270, 23627, 9169, 5290, 23272, 5289]
firstExecuteArray:[6347, 2468, 3524, 4586, 6348, 1058, 9520, 1057, 1058, 5994, 1764, 9172, 8812, 3878, 1763, 1058, 5640, 1410, 5995, 1058, 1410, 705, 3527, 1765, 4585, 7404, 2117, 1410, 4585, 1059]
allSeleteArray:[2821, 1763, 1411, 2822, 3174, 1057, 4232, 352, 353, 2822, 1059, 4230, 4586, 1059, 705, 352, 3524, 353, 2468, 353, 706, 352, 1408, 1058, 2115, 2468, 353, 706, 2467, 706]
allGenerateArray:[18337, 12341, 17280, 20451, 32791, 5642, 60300, 3174, 3173, 27506, 7404, 47248, 40198, 20805, 7405, 2468, 28210, 5290, 26095, 2821, 4937, 2468, 20454, 7051, 23270, 23627, 9169, 5290, 23272, 5289]
allExecuteArray:[6347, 2468, 3524, 4586, 6348, 1058, 9520, 1057, 1058, 5994, 1764, 9172, 8812, 3878, 1763, 1058, 5640, 1410, 5995, 1058, 1410, 705, 3527, 1765, 4585, 7404, 2117, 1410, 4585, 1059]
averageF:7.0
averageT:7.0
averagefirstSelete:1727.0
averagefirstGenerate:17125.0
averagefirstExecute:3702.0
averageallSelete:1727.0
averageallGenerate:17125.0
averageallExecute:3702.0
F:[10, 2, 15, 12, 9, 3, 5, 5, 14, 3, 8, 4, 17, 1, 2, 2, 11, 14, 18, 26, 1, 20, 5, 13, 2, 12, 6, 17, 6, 11]
T:[10, 2, 15, 12, 9, 3, 5, 5, 14, 3, 8, 4, 17, 1, 2, 2, 11, 14, 18, 26, 1, 20, 5, 13, 2, 12, 6, 17, 6, 11]
firstSeleteArray:[2467, 1059, 2116, 3877, 2468, 705, 1059, 1058, 34205, 2117, 1762, 1764, 4936, 706, 1058, 1058, 2467, 2819, 4233, 6344, 706, 4935, 1409, 3527, 1058, 3525, 1761, 3175, 3878, 4229]
firstGenerateArray:[27502, 5289, 34555, 32443, 46897, 7405, 12693, 16572, 128709, 11636, 28209, 15162, 60299, 3879, 7759, 7053, 39142, 47958, 61354, 88509, 3879, 69109, 17984, 45136, 8110, 41608, 20453, 59945, 184065, 47601]
firstExecuteArray:[6700, 1410, 7757, 19394, 6700, 1412, 2470, 14811, 17276, 3526, 6700, 3527, 11989, 1058, 1763, 1411, 7758, 10224, 13402, 18336, 1058, 14811, 3878, 10226, 2116, 8814, 4936, 12341, 8462, 10933]
allSeleteArray:[2467, 1059, 2116, 3877, 2468, 705, 1059, 1058, 34205, 2117, 1762, 1764, 4936, 706, 1058, 1058, 2467, 2819, 4233, 6344, 706, 4935, 1409, 3527, 1058, 3525, 1761, 3175, 3878, 4229]
allGenerateArray:[27502, 5289, 34555, 32443, 46897, 7405, 12693, 16572, 128709, 11636, 28209, 15162, 60299, 3879, 7759, 7053, 39142, 47958, 61354, 88509, 3879, 69109, 17984, 45136, 8110, 41608, 20453, 59945, 184065, 47601]
allExecuteArray:[6700, 1410, 7757, 19394, 6700, 1412, 2470, 14811, 17276, 3526, 6700, 3527, 11989, 1058, 1763, 1411, 7758, 10224, 13402, 18336, 1058, 14811, 3878, 10226, 2116, 8814, 4936, 12341, 8462, 10933]
averageF:9.0
averageT:9.0
averagefirstSelete:3549.0
averagefirstGenerate:39363.0
averagefirstExecute:7839.0
averageallSelete:3549.0
averageallGenerate:39363.0
averageallExecute:7839.0
F:[2, 7, 13, 1, 44, 6, 3, 23, 22, 8, 1, 7, 5, 18, 5, 2, 42, 21, 2, 13, 10, 30, 3, 4, 11, 21, 2, 8, 5, 31]
T:[2, 7, 13, 1, 44, 6, 3, 23, 22, 8, 1, 7, 5, 18, 5, 2, 42, 21, 2, 13, 10, 30, 3, 4, 11, 21, 2, 8, 5, 31]
firstSeleteArray:[1057, 1764, 4234, 352, 9520, 1763, 353, 10579, 4232, 2467, 705, 4231, 2469, 5643, 2468, 1410, 10223, 4231, 1057, 2469, 2821, 5290, 1410, 1058, 5997, 9166, 1058, 2470, 1412, 7757]
firstGenerateArray:[10579, 23978, 44076, 3879, 143514, 19395, 9874, 98030, 54655, 19042, 4937, 50425, 22215, 78281, 24330, 86391, 98730, 48660, 4936, 29974, 22568, 68057, 7758, 9168, 49718, 87802, 8815, 20100, 11990, 71583]
firstExecuteArray:[5289, 5289, 9519, 1058, 30324, 3880, 2116, 26445, 10227, 4231, 1410, 7052, 6699, 17985, 6348, 4232, 21511, 26800, 1410, 6345, 5287, 12693, 2115, 1764, 14460, 19396, 2116, 4935, 3524, 14103]
allSeleteArray:[1057, 1764, 4234, 352, 9520, 1763, 353, 10579, 4232, 2467, 705, 4231, 2469, 5643, 2468, 1410, 10223, 4231, 1057, 2469, 2821, 5290, 1410, 1058, 5997, 9166, 1058, 2470, 1412, 7757]
allGenerateArray:[10579, 23978, 44076, 3879, 143514, 19395, 9874, 98030, 54655, 19042, 4937, 50425, 22215, 78281, 24330, 86391, 98730, 48660, 4936, 29974, 22568, 68057, 7758, 9168, 49718, 87802, 8815, 20100, 11990, 71583]
allExecuteArray:[5289, 5289, 9519, 1058, 30324, 3880, 2116, 26445, 10227, 4231, 1410, 7052, 6699, 17985, 6348, 4232, 21511, 26800, 1410, 6345, 5287, 12693, 2115, 1764, 14460, 19396, 2116, 4935, 3524, 14103]
averageF:12.0
averageT:12.0
averagefirstSelete:3655.0
averagefirstGenerate:41115.0
averagefirstExecute:9285.0
averageallSelete:3655.0
averageallGenerate:41115.0
averageallExecute:9285.0
F:[7, 1, 2, 7, 10, 6, 11, 27, 4, 5, 8, 7, 18, 4, 2, 5, 8, 19, 11, 29, 32, 12, 3, 7, 4, 4, 15, 3, 28, 18]
T:[7, 1, 2, 7, 10, 6, 11, 27, 4, 5, 8, 7, 18, 4, 2, 5, 8, 19, 11, 29, 32, 12, 3, 7, 4, 4, 15, 3, 28, 18]
firstSeleteArray:[2116, 1410, 705, 3174, 2116, 1761, 4229, 5289, 1409, 3526, 3878, 2819, 5994, 1058, 704, 353, 2117, 4936, 3173, 5288, 6697, 2469, 704, 1411, 706, 705, 4231, 705, 7406, 3879]
firstGenerateArray:[68762, 3526, 6347, 22569, 30679, 19041, 31735, 79340, 12693, 20807, 28561, 25036, 49366, 8464, 4584, 11283, 15868, 38084, 22215, 56418, 61004, 23628, 6348, 13751, 7756, 9168, 29267, 6347, 55711, 35968]
firstExecuteArray:[14807, 705, 1764, 4231, 5640, 3526, 5643, 14106, 2117, 6698, 5641, 5288, 9871, 1762, 705, 1058, 2469, 5641, 3526, 7760, 10582, 3880, 1057, 2468, 1412, 1411, 5290, 1411, 7053, 3174]
allSeleteArray:[2116, 1410, 705, 3174, 2116, 1761, 4229, 5289, 1409, 3526, 3878, 2819, 5994, 1058, 704, 353, 2117, 4936, 3173, 5288, 6697, 2469, 704, 1411, 706, 705, 4231, 705, 7406, 3879]
allGenerateArray:[68762, 3526, 6347, 22569, 30679, 19041, 31735, 79340, 12693, 20807, 28561, 25036, 49366, 8464, 4584, 11283, 15868, 38084, 22215, 56418, 61004, 23628, 6348, 13751, 7756, 9168, 29267, 6347, 55711, 35968]
allExecuteArray:[14807, 705, 1764, 4231, 5640, 3526, 5643, 14106, 2117, 6698, 5641, 5288, 9871, 1762, 705, 1058, 2469, 5641, 3526, 7760, 10582, 3880, 1057, 2468, 1412, 1411, 5290, 1411, 7053, 3174]
averageF:10.0
averageT:10.0
averagefirstSelete:2832.0
averagefirstGenerate:26810.0
averagefirstExecute:4689.0
averageallSelete:2832.0
averageallGenerate:26810.0
averageallExecute:4689.0
F:[5, 15, 8, 15, 17, 2, 4, 10, 5, 4, 7, 1, 3, 2, 37, 11, 15, 4, 30, 18, 3, 9, 5, 17, 15, 12, 11, 7, 18, 9]
T:[5, 15, 8, 15, 17, 2, 4, 10, 5, 4, 7, 1, 3, 2, 37, 11, 15, 4, 30, 18, 3, 9, 5, 17, 15, 12, 11, 7, 18, 9]
firstSeleteArray:[2117, 3879, 1763, 1763, 4937, 1057, 2114, 2471, 705, 1058, 1410, 705, 705, 705, 10224, 3526, 4937, 1763, 7757, 4936, 1410, 1764, 1058, 3876, 5292, 2468, 2114, 2822, 3523, 2114]
firstGenerateArray:[12694, 29970, 16573, 29973, 33499, 4231, 8463, 22215, 10930, 8463, 14459, 2468, 5995, 4232, 88152, 29621, 40553, 8465, 59594, 35611, 6700, 17984, 9521, 33851, 30324, 23626, 21509, 14104, 33500, 17278]
firstExecuteArray:[2822, 5289, 2470, 19745, 6350, 1058, 1410, 21157, 1412, 1057, 1058, 353, 705, 352, 16575, 5289, 9166, 1410, 8462, 4586, 704, 2468, 1411, 3879, 3875, 4231, 2821, 2467, 4232, 2471]
allSeleteArray:[2117, 3879, 1763, 1763, 4937, 1057, 2114, 2471, 705, 1058, 1410, 705, 705, 705, 10224, 3526, 4937, 1763, 7757, 4936, 1410, 1764, 1058, 3876, 5292, 2468, 2114, 2822, 3523, 2114]
allGenerateArray:[12694, 29970, 16573, 29973, 33499, 4231, 8463, 22215, 10930, 8463, 14459, 2468, 5995, 4232, 88152, 29621, 40553, 8465, 59594, 35611, 6700, 17984, 9521, 33851, 30324, 23626, 21509, 14104, 33500, 17278]
allExecuteArray:[2822, 5289, 2470, 19745, 6350, 1058, 1410, 21157, 1412, 1057, 1058, 353, 705, 352, 16575, 5289, 9166, 1410, 8462, 4586, 704, 2468, 1411, 3879, 3875, 4231, 2821, 2467, 4232, 2471]
averageF:10.0
averageT:10.0
averagefirstSelete:2832.0
averagefirstGenerate:22485.0
averagefirstExecute:4642.0
averageallSelete:2832.0
averageallGenerate:22485.0
averageallExecute:4642.0
F:[40, 10, 7, 1, 16, 4, 10, 35, 18, 4, 19, 30, 1, 2, 4, 7, 3, 2, 4, 7, 3, 1, 11, 19, 23, 32, 25, 11, 56, 17]
T:[40, 10, 7, 1, 16, 4, 10, 35, 18, 4, 19, 30, 1, 2, 4, 7, 3, 2, 4, 7, 3, 1, 11, 19, 23, 32, 25, 11, 56, 17]
firstSeleteArray:[11988, 3175, 3172, 1411, 5642, 1763, 2470, 11634, 5645, 1765, 4583, 7404, 1058, 1058, 1762, 2820, 1058, 1058, 1409, 2470, 704, 705, 3525, 4936, 6347, 9872, 8812, 3173, 14805, 4585]
firstGenerateArray:[111780, 25741, 19746, 3173, 42667, 12343, 26094, 127648, 50072, 81808, 53948, 90625, 3879, 5994, 12341, 19746, 8111, 6700, 11285, 18335, 8462, 2821, 30675, 51836, 61001, 98031, 84981, 23976, 110016, 34911]
firstExecuteArray:[22921, 4936, 4231, 705, 7755, 1762, 4585, 22917, 8462, 2469, 9874, 13403, 1058, 1059, 2115, 3176, 1763, 1410, 2116, 3525, 1762, 705, 4585, 7759, 10582, 16574, 14457, 4586, 14109, 5287]
allSeleteArray:[11988, 3175, 3172, 1411, 5642, 1763, 2470, 11634, 5645, 1765, 4583, 7404, 1058, 1058, 1762, 2820, 1058, 1058, 1409, 2470, 704, 705, 3525, 4936, 6347, 9872, 8812, 3173, 14805, 4585]
allGenerateArray:[111780, 25741, 19746, 3173, 42667, 12343, 26094, 127648, 50072, 81808, 53948, 90625, 3879, 5994, 12341, 19746, 8111, 6700, 11285, 18335, 8462, 2821, 30675, 51836, 61001, 98031, 84981, 23976, 110016, 34911]
allExecuteArray:[22921, 4936, 4231, 705, 7755, 1762, 4585, 22917, 8462, 2469, 9874, 13403, 1058, 1059, 2115, 3176, 1763, 1410, 2116, 3525, 1762, 705, 4585, 7759, 10582, 16574, 14457, 4586, 14109, 5287]
averageF:14.0
averageT:14.0
averagefirstSelete:4360.0
averagefirstGenerate:41291.0
averagefirstExecute:6688.0
averageallSelete:4360.0
averageallGenerate:41291.0
averageallExecute:6688.0
F:[16, 1, 7, 45, 3, 8, 6, 11, 1, 6, 11, 14, 22, 13, 10, 15, 10, 5, 15, 23, 15, 3, 3, 12, 31, 6, 9, 2, 4, 5]
T:[16, 1, 7, 45, 3, 8, 6, 11, 1, 6, 11, 14, 22, 13, 10, 15, 10, 5, 15, 23, 15, 3, 3, 12, 31, 6, 9, 2, 4, 5]
firstSeleteArray:[10931, 1763, 2466, 8813, 1058, 1762, 1058, 3527, 353, 1764, 2114, 3173, 4228, 2823, 2469, 3879, 14458, 2819, 5640, 6705, 3523, 1410, 1411, 2468, 15513, 2470, 2467, 706, 1410, 2115]
firstGenerateArray:[70173, 4231, 14106, 89917, 7053, 17277, 11636, 21509, 2468, 12339, 21863, 29620, 44075, 26093, 19395, 29973, 208046, 17631, 47954, 70872, 30676, 6347, 7053, 26094, 110017, 16573, 24330, 5641, 11989, 12695]
firstExecuteArray:[13751, 1411, 2116, 8462, 1057, 1765, 2117, 3881, 353, 1763, 2117, 2468, 5998, 4232, 2467, 2822, 19747, 3526, 7759, 11639, 4231, 1058, 1056, 4230, 24331, 2821, 3527, 1411, 2469, 2820]
allSeleteArray:[10931, 1763, 2466, 8813, 1058, 1762, 1058, 3527, 353, 1764, 2114, 3173, 4228, 2823, 2469, 3879, 14458, 2819, 5640, 6705, 3523, 1410, 1411, 2468, 15513, 2470, 2467, 706, 1410, 2115]
allGenerateArray:[70173, 4231, 14106, 89917, 7053, 17277, 11636, 21509, 2468, 12339, 21863, 29620, 44075, 26093, 19395, 29973, 208046, 17631, 47954, 70872, 30676, 6347, 7053, 26094, 110017, 16573, 24330, 5641, 11989, 12695]
allExecuteArray:[13751, 1411, 2116, 8462, 1057, 1765, 2117, 3881, 353, 1763, 2117, 2468, 5998, 4232, 2467, 2822, 19747, 3526, 7759, 11639, 4231, 1058, 1056, 4230, 24331, 2821, 3527, 1411, 2469, 2820]
averageF:11.0
averageT:11.0
averagefirstSelete:3843.0
averagefirstGenerate:33921.0
averagefirstExecute:4913.0
averageallSelete:3843.0
averageallGenerate:33921.0
averageallExecute:4913.0
F:[6, 18, 6, 14, 12, 10, 9, 14, 2, 3, 9, 1, 29, 2, 4, 11, 6, 3, 6, 3, 18, 8, 5, 37, 15, 9, 27, 13, 1, 18]
T:[6, 18, 6, 14, 12, 10, 9, 14, 2, 3, 9, 1, 29, 2, 4, 11, 6, 3, 6, 3, 18, 8, 5, 37, 15, 9, 27, 13, 1, 18]
firstSeleteArray:[2821, 4584, 1762, 3526, 1762, 2115, 2468, 3878, 705, 1057, 2115, 1058, 37023, 1411, 2469, 4232, 2116, 1058, 1057, 1058, 4232, 1764, 1411, 8460, 2468, 1763, 7759, 2469, 705, 4230]
firstGenerateArray:[15163, 35612, 12341, 27859, 23271, 19042, 17634, 28209, 4585, 5994, 25037, 3879, 117071, 5290, 13048, 35262, 15866, 6348, 11988, 5995, 35613, 15516, 11284, 73345, 29268, 17986, 53952, 26094, 2468, 35615]
firstExecuteArray:[2470, 4232, 2116, 4585, 2118, 2821, 3173, 3173, 352, 1411, 3877, 1410, 26446, 1410, 2468, 6349, 2116, 705, 1763, 1058, 5641, 2116, 1411, 8819, 2466, 2114, 5994, 3175, 705, 5289]
allSeleteArray:[2821, 4584, 1762, 3526, 1762, 2115, 2468, 3878, 705, 1057, 2115, 1058, 37023, 1411, 2469, 4232, 2116, 1058, 1057, 1058, 4232, 1764, 1411, 8460, 2468, 1763, 7759, 2469, 705, 4230]
allGenerateArray:[15163, 35612, 12341, 27859, 23271, 19042, 17634, 28209, 4585, 5994, 25037, 3879, 117071, 5290, 13048, 35262, 15866, 6348, 11988, 5995, 35613, 15516, 11284, 73345, 29268, 17986, 53952, 26094, 2468, 35615]
allExecuteArray:[2470, 4232, 2116, 4585, 2118, 2821, 3173, 3173, 352, 1411, 3877, 1410, 26446, 1410, 2468, 6349, 2116, 705, 1763, 1058, 5641, 2116, 1411, 8819, 2466, 2114, 5994, 3175, 705, 5289]
averageF:10.0
averageT:10.0
averagefirstSelete:3784.0
averagefirstGenerate:24354.0
averagefirstExecute:3726.0
averageallSelete:3784.0
averageallGenerate:24354.0
averageallExecute:3726.0
F:[3, 4, 15, 18, 4, 33, 19, 14, 24, 18, 8, 12, 1, 1, 34, 7, 11, 5, 12, 8, 5, 13, 9, 2, 8, 7, 1, 18, 14, 6]
T:[3, 4, 15, 18, 4, 33, 19, 14, 24, 18, 8, 12, 1, 1, 34, 7, 11, 5, 12, 8, 5, 13, 9, 2, 8, 7, 1, 18, 14, 6]
firstSeleteArray:[2115, 1764, 3527, 5289, 1411, 11635, 11285, 5640, 5996, 3524, 2468, 2821, 352, 352, 7756, 2821, 3881, 704, 2466, 1763, 705, 4231, 2117, 705, 2470, 2467, 352, 11989, 5639, 2117]
firstGenerateArray:[10931, 10579, 41962, 47959, 10932, 88157, 76519, 34556, 45841, 35263, 16573, 24330, 2468, 2116, 67350, 14458, 21862, 10578, 25034, 15515, 10226, 26095, 18336, 4938, 16221, 14456, 2468, 86042, 37730, 16574]
firstExecuteArray:[4937, 2820, 7758, 8464, 2115, 15516, 19040, 7403, 6699, 4230, 2468, 2468, 705, 705, 7409, 2115, 2822, 1411, 2469, 2116, 1059, 2820, 3174, 704, 2117, 2115, 353, 49717, 7052, 3878]
allSeleteArray:[2115, 1764, 3527, 5289, 1411, 11635, 11285, 5640, 5996, 3524, 2468, 2821, 352, 352, 7756, 2821, 3881, 704, 2466, 1763, 705, 4231, 2117, 705, 2470, 2467, 352, 11989, 5639, 2117]
allGenerateArray:[10931, 10579, 41962, 47959, 10932, 88157, 76519, 34556, 45841, 35263, 16573, 24330, 2468, 2116, 67350, 14458, 21862, 10578, 25034, 15515, 10226, 26095, 18336, 4938, 16221, 14456, 2468, 86042, 37730, 16574]
allExecuteArray:[4937, 2820, 7758, 8464, 2115, 15516, 19040, 7403, 6699, 4230, 2468, 2468, 705, 705, 7409, 2115, 2822, 1411, 2469, 2116, 1059, 2820, 3174, 704, 2117, 2115, 353, 49717, 7052, 3878]
averageF:11.0
averageT:11.0
averagefirstSelete:3678.0
averagefirstGenerate:27868.0
averagefirstExecute:5888.0
averageallSelete:3678.0
averageallGenerate:27868.0
averageallExecute:5888.0
F:[12, 9, 8, 4, 7, 16, 4, 9, 1, 19, 18, 1, 8, 2, 3, 29, 17, 8, 28, 21, 10, 7, 8, 13, 4, 9, 8, 15, 5, 8]
T:[12, 9, 8, 4, 7, 16, 4, 9, 1, 19, 18, 1, 8, 2, 3, 29, 17, 8, 28, 21, 10, 7, 8, 13, 4, 9, 8, 15, 5, 8]
firstSeleteArray:[4583, 2470, 2115, 705, 1411, 2469, 1057, 1763, 705, 3878, 4584, 3526, 2468, 1057, 705, 4585, 7054, 4937, 7049, 6700, 5291, 1763, 2818, 3881, 1761, 3173, 2822, 5639, 3175, 3175]
firstGenerateArray:[27151, 17983, 19041, 8464, 13754, 31732, 8816, 18335, 2116, 38439, 39844, 8463, 22566, 8816, 7052, 56066, 63119, 23625, 73346, 58890, 25035, 19042, 21862, 34560, 10932, 24683, 21158, 49365, 19747, 27857]
firstExecuteArray:[4584, 3524, 2820, 1058, 2114, 2468, 353, 2820, 353, 3524, 6702, 3879, 5644, 2115, 352, 6350, 16575, 5994, 12691, 10576, 6699, 3526, 3879, 7049, 1763, 4583, 3524, 9169, 6346, 6699]
allSeleteArray:[4583, 2470, 2115, 705, 1411, 2469, 1057, 1763, 705, 3878, 4584, 3526, 2468, 1057, 705, 4585, 7054, 4937, 7049, 6700, 5291, 1763, 2818, 3881, 1761, 3173, 2822, 5639, 3175, 3175]
allGenerateArray:[27151, 17983, 19041, 8464, 13754, 31732, 8816, 18335, 2116, 38439, 39844, 8463, 22566, 8816, 7052, 56066, 63119, 23625, 73346, 58890, 25035, 19042, 21862, 34560, 10932, 24683, 21158, 49365, 19747, 27857]
allExecuteArray:[4584, 3524, 2820, 1058, 2114, 2468, 353, 2820, 353, 3524, 6702, 3879, 5644, 2115, 352, 6350, 16575, 5994, 12691, 10576, 6699, 3526, 3879, 7049, 1763, 4583, 3524, 9169, 6346, 6699]
averageF:10.0
averageT:10.0
averagefirstSelete:3243.0
averagefirstGenerate:26728.0
averagefirstExecute:4924.0
averageallSelete:3243.0
averageallGenerate:26728.0
averageallExecute:4924.0
F:[16, 4, 13, 13, 8, 16, 13, 1, 4, 4, 1, 1, 16, 33, 8, 21, 10, 3, 5, 14, 11, 4, 2, 2, 11, 7, 7, 14, 8, 2]
T:[16, 4, 13, 13, 8, 16, 13, 1, 4, 4, 1, 1, 16, 33, 8, 21, 10, 3, 5, 14, 11, 4, 2, 2, 11, 7, 7, 14, 8, 2]
firstSeleteArray:[5993, 3878, 7755, 3878, 2115, 4232, 2467, 352, 1058, 353, 353, 705, 3526, 6349, 2116, 5645, 4584, 1409, 706, 4937, 3525, 2114, 1058, 1058, 3879, 11285, 10227, 4937, 3525, 4584]
firstGenerateArray:[48661, 84628, 36319, 26445, 16571, 31379, 26093, 2468, 7757, 7757, 2468, 2821, 31734, 63822, 16574, 59592, 32793, 8463, 13751, 38081, 30677, 11989, 6348, 4231, 32087, 23271, 60296, 30678, 23980, 9873]
firstExecuteArray:[11990, 6347, 8816, 3877, 2117, 3528, 3174, 706, 1411, 1411, 352, 353, 4233, 8816, 2114, 8815, 5644, 1410, 3175, 6700, 5642, 1762, 2115, 1058, 5641, 5642, 4232, 4935, 3878, 3526]
allSeleteArray:[5993, 3878, 7755, 3878, 2115, 4232, 2467, 352, 1058, 353, 353, 705, 3526, 6349, 2116, 5645, 4584, 1409, 706, 4937, 3525, 2114, 1058, 1058, 3879, 11285, 10227, 4937, 3525, 4584]
allGenerateArray:[48661, 84628, 36319, 26445, 16571, 31379, 26093, 2468, 7757, 7757, 2468, 2821, 31734, 63822, 16574, 59592, 32793, 8463, 13751, 38081, 30677, 11989, 6348, 4231, 32087, 23271, 60296, 30678, 23980, 9873]
allExecuteArray:[11990, 6347, 8816, 3877, 2117, 3528, 3174, 706, 1411, 1411, 352, 353, 4233, 8816, 2114, 8815, 5644, 1410, 3175, 6700, 5642, 1762, 2115, 1058, 5641, 5642, 4232, 4935, 3878, 3526]
averageF:9.0
averageT:9.0
averagefirstSelete:3620.0
averagefirstGenerate:26386.0
averagefirstExecute:4114.0
averageallSelete:3620.0
averageallGenerate:26386.0
averageallExecute:4114.0
F:[16, 29, 18, 3, 15, 17, 4, 14, 22, 11, 18, 10, 1, 12, 8, 9, 27, 6, 34, 26, 9, 6, 2, 34, 16, 1, 5, 6, 28, 20]
T:[16, 29, 18, 3, 15, 17, 4, 14, 22, 11, 18, 10, 1, 12, 8, 9, 27, 6, 34, 26, 9, 6, 2, 34, 16, 1, 5, 6, 28, 20]
firstSeleteArray:[3525, 5644, 3878, 1059, 4235, 91681, 7758, 4585, 5292, 2821, 3880, 2470, 705, 2470, 1763, 2116, 4233, 1058, 7051, 4939, 2469, 1411, 706, 8813, 4229, 705, 2116, 1763, 6702, 4585]
firstGenerateArray:[34557, 56775, 35966, 5994, 29971, 59594, 15162, 48662, 43373, 22568, 35261, 21157, 2115, 26446, 17631, 18338, 54658, 11989, 67351, 52191, 20101, 12344, 6347, 111076, 56419, 3879, 12341, 16925, 58182, 45134]
firstExecuteArray:[6347, 8461, 4937, 1059, 3877, 10930, 2468, 8461, 6698, 2470, 4231, 1763, 705, 3527, 1763, 2466, 5993, 1410, 7405, 6697, 2822, 1409, 1059, 17628, 8112, 705, 3173, 2116, 7408, 7053]
allSeleteArray:[3525, 5644, 3878, 1059, 4235, 91681, 7758, 4585, 5292, 2821, 3880, 2470, 705, 2470, 1763, 2116, 4233, 1058, 7051, 4939, 2469, 1411, 706, 8813, 4229, 705, 2116, 1763, 6702, 4585]
allGenerateArray:[34557, 56775, 35966, 5994, 29971, 59594, 15162, 48662, 43373, 22568, 35261, 21157, 2115, 26446, 17631, 18338, 54658, 11989, 67351, 52191, 20101, 12344, 6347, 111076, 56419, 3879, 12341, 16925, 58182, 45134]
allExecuteArray:[6347, 8461, 4937, 1059, 3877, 10930, 2468, 8461, 6698, 2470, 4231, 1763, 705, 3527, 1763, 2466, 5993, 1410, 7405, 6697, 2822, 1409, 1059, 17628, 8112, 705, 3173, 2116, 7408, 7053]
averageF:14.0
averageT:14.0
averagefirstSelete:6488.0
averagefirstGenerate:33416.0
averagefirstExecute:4771.0
averageallSelete:6488.0
averageallGenerate:33416.0
averageallExecute:4771.0
F:[6, 13, 12, 2, 6, 10, 2, 4, 8, 14, 13, 4, 1, 5, 13, 2, 6, 32, 4, 1, 6, 23, 6, 1, 11, 17, 16, 2, 3, 21]
T:[6, 13, 12, 2, 6, 10, 2, 4, 8, 14, 13, 4, 1, 5, 13, 2, 6, 32, 4, 1, 6, 23, 6, 1, 11, 17, 16, 2, 3, 21]
firstSeleteArray:[3527, 5641, 5290, 1057, 1409, 2821, 1763, 1763, 1412, 4937, 3527, 1411, 1058, 2115, 3175, 706, 1762, 8112, 4233, 1058, 2116, 5994, 2468, 705, 3173, 3175, 10580, 1058, 1058, 5993]
firstGenerateArray:[25389, 46191, 37025, 4584, 11989, 20804, 4231, 8816, 16571, 29621, 25738, 8109, 2116, 10226, 25741, 4937, 11989, 80750, 11284, 2821, 13047, 46545, 12340, 2821, 21863, 34555, 181598, 4584, 7051, 42317]
firstExecuteArray:[7052, 8816, 7053, 1058, 2467, 2468, 705, 1409, 2468, 4582, 3881, 1764, 352, 1762, 4232, 1057, 2470, 14813, 3526, 1058, 2116, 8115, 2822, 353, 3878, 4581, 19392, 705, 706, 6348]
allSeleteArray:[3527, 5641, 5290, 1057, 1409, 2821, 1763, 1763, 1412, 4937, 3527, 1411, 1058, 2115, 3175, 706, 1762, 8112, 4233, 1058, 2116, 5994, 2468, 705, 3173, 3175, 10580, 1058, 1058, 5993]
allGenerateArray:[25389, 46191, 37025, 4584, 11989, 20804, 4231, 8816, 16571, 29621, 25738, 8109, 2116, 10226, 25741, 4937, 11989, 80750, 11284, 2821, 13047, 46545, 12340, 2821, 21863, 34555, 181598, 4584, 7051, 42317]
allExecuteArray:[7052, 8816, 7053, 1058, 2467, 2468, 705, 1409, 2468, 4582, 3881, 1764, 352, 1762, 4232, 1057, 2470, 14813, 3526, 1058, 2116, 8115, 2822, 353, 3878, 4581, 19392, 705, 706, 6348]
averageF:8.0
averageT:8.0
averagefirstSelete:3103.0
averagefirstGenerate:25188.0
averagefirstExecute:4066.0
averageallSelete:3103.0
averageallGenerate:25188.0
averageallExecute:4066.0
