F:[24, 2, 2, 9, 1, 6, 10, 12, 1, 6, 5, 2, 22, 12, 4, 2, 14, 10, 18, 6, 7, 11, 23, 12, 54, 3, 3, 2, 17, 33]
T:[24, 2, 2, 9, 1, 6, 10, 12, 1, 6, 5, 2, 22, 12, 4, 2, 14, 10, 18, 6, 7, 11, 23, 12, 54, 3, 3, 2, 17, 33]
firstSeleteArray:[8466, 1057, 1059, 3877, 705, 2118, 6702, 15163, 706, 4232, 3878, 1763, 10226, 9522, 3174, 705, 5289, 4231, 7052, 2820, 2820, 3174, 8112, 5642, 18694, 1058, 1410, 2116, 4233, 10226]
firstGenerateArray:[74404, 7052, 7052, 26093, 4232, 18688, 511648, 252120, 7757, 34204, 28914, 11989, 108960, 557838, 30678, 6700, 41609, 29269, 51130, 16924, 20098, 31381, 63820, 33500, 146338, 9520, 9521, 6347, 46897, 90271]
firstExecuteArray:[16220, 1763, 1411, 5290, 1058, 3879, 31030, 27504, 1764, 8462, 8111, 3173, 25036, 25389, 8109, 2116, 8465, 5995, 9172, 3524, 4586, 6347, 11639, 7052, 29972, 2468, 2115, 1411, 9872, 16223]
allSeleteArray:[8466, 1057, 1059, 3877, 705, 2118, 6702, 15163, 706, 4232, 3878, 1763, 10226, 9522, 3174, 705, 5289, 4231, 7052, 2820, 2820, 3174, 8112, 5642, 18694, 1058, 1410, 2116, 4233, 10226]
allGenerateArray:[74404, 7052, 7052, 26093, 4232, 18688, 511648, 252120, 7757, 34204, 28914, 11989, 108960, 557838, 30678, 6700, 41609, 29269, 51130, 16924, 20098, 31381, 63820, 33500, 146338, 9520, 9521, 6347, 46897, 90271]
allExecuteArray:[16220, 1763, 1411, 5290, 1058, 3879, 31030, 27504, 1764, 8462, 8111, 3173, 25036, 25389, 8109, 2116, 8465, 5995, 9172, 3524, 4586, 6347, 11639, 7052, 29972, 2468, 2115, 1411, 9872, 16223]
averageF:11.0
averageT:11.0
averagefirstSelete:5007.0
averagefirstGenerate:76165.0
averagefirstExecute:9638.0
averageallSelete:5007.0
averageallGenerate:76165.0
averageallExecute:9638.0