F:[11, 7, 75, 103, 20, 65, 4, 1, 15, 3, 24, 41, 22, 15, 26, 25, 16, 19, 48, 71, 31, 4, 29, 16, 4, 23, 6, 88, 31, 23]
T:[124, 134, 126, 431, 75, 245, 214, 7, 167, 220, 110, 60, 130, 69, 79, 234, 179, 91, 76, 207, 300, 10, 94, 169, 124, 78, 29, 189, 135, 203]
firstSeleteArray:[3878, 3174, 20101, 28559, 9168, 19748, 1762, 705, 7051, 1411, 8464, 9172, 8462, 5292, 9874, 6347, 4583, 9521, 19047, 23625, 10580, 2469, 9522, 5644, 1763, 7757, 3173, 28562, 11991, 7754]
firstGenerateArray:[167493, 106491, 875545, 1154824, 250356, 1019066, 47603, 7758, 221797, 28916, 316998, 451358, 296200, 166435, 326528, 309241, 202752, 600154, 634366, 885079, 412566, 46899, 337100, 200635, 39141, 289850, 44429, 1122032, 567712, 264820]
firstExecuteArray:[15520, 10574, 76177, 107545, 26096, 88158, 4585, 1764, 17278, 4582, 32090, 45480, 26096, 17982, 28905, 28567, 20455, 35620, 69820, 116010, 38080, 5289, 33157, 22211, 5995, 27505, 7054, 102964, 59597, 28204]
allSeleteArray:[28207, 23627, 31382, 194998, 18336, 49378, 40545, 1409, 38442, 64174, 21863, 13052, 33493, 13758, 20101, 39493, 38088, 31381, 25747, 45480, 51133, 3527, 25036, 45484, 99087, 16218, 7756, 48665, 41614, 88144]
allGenerateArray:[747546, 633296, 1181969, 2731377, 535274, 1718654, 765536, 47954, 820543, 1720766, 616373, 515887, 795507, 505652, 572650, 1223923, 933370, 991204, 722168, 1501462, 1917178, 76870, 662920, 2347021, 740496, 502831, 116715, 1602991, 1341709, 2308578]
allExecuteArray:[81464, 63115, 105445, 300418, 54650, 156556, 83928, 6351, 85329, 259180, 64885, 53587, 60310, 53242, 51119, 116371, 114265, 69119, 78281, 186539, 195359, 8464, 65595, 127641, 77931, 44424, 15516, 153743, 141410, 278571]
averageF:28.0
averageT:135.0
averagefirstSelete:9638.0
averagefirstGenerate:379804.0
averagefirstExecute:36778.0
averageallSelete:39987.0
averageallGenerate:1029947.0
averageallExecute:105093.0
