F:[6, 4, 11, 6, 2, 13, 43, 13, 24, 2, 1, 3, 2, 2, 6, 2, 9, 7, 10, 4, 26, 15, 6, 2, 32, 13, 5, 14, 1, 3]
T:[6, 4, 11, 6, 2, 13, 43, 13, 24, 2, 1, 3, 2, 2, 6, 2, 9, 7, 10, 4, 26, 15, 6, 2, 32, 13, 5, 14, 1, 3]
firstSeleteArray:[2822, 1762, 3528, 2118, 706, 3878, 12342, 3879, 5994, 353, 353, 1058, 706, 1057, 1409, 705, 2466, 3526, 3175, 1411, 10931, 5292, 2820, 1058, 12334, 3876, 1762, 4584, 352, 1411]
firstGenerateArray:[28563, 13751, 37730, 21509, 7758, 43724, 129763, 44782, 74754, 6700, 3879, 10932, 12694, 8110, 17983, 7053, 27858, 22568, 35261, 13753, 121302, 53247, 19391, 7757, 111078, 32795, 13046, 35261, 3173, 8462]
firstExecuteArray:[11987, 4937, 11990, 8111, 3173, 15164, 45487, 14810, 25390, 2821, 1763, 4230, 2821, 2821, 7052, 2821, 10226, 10931, 12696, 5289, 43021, 21860, 9169, 3174, 42667, 9873, 4232, 10228, 1411, 2821]
allSeleteArray:[2822, 1762, 3528, 2118, 706, 3878, 12342, 3879, 5994, 353, 353, 1058, 706, 1057, 1409, 705, 2466, 3526, 3175, 1411, 10931, 5292, 2820, 1058, 12334, 3876, 1762, 4584, 352, 1411]
allGenerateArray:[28563, 13751, 37730, 21509, 7758, 43724, 129763, 44782, 74754, 6700, 3879, 10932, 12694, 8110, 17983, 7053, 27858, 22568, 35261, 13753, 121302, 53247, 19391, 7757, 111078, 32795, 13046, 35261, 3173, 8462]
allExecuteArray:[11987, 4937, 11990, 8111, 3173, 15164, 45487, 14810, 25390, 2821, 1763, 4230, 2821, 2821, 7052, 2821, 10226, 10931, 12696, 5289, 43021, 21860, 9169, 3174, 42667, 9873, 4232, 10228, 1411, 2821]
averageF:9.0
averageT:9.0
averagefirstSelete:3255.0
averagefirstGenerate:32487.0
averagefirstExecute:11765.0
averageallSelete:3255.0
averageallGenerate:32487.0
averageallExecute:11765.0