F:[12, 2, 18, 21, 2, 13, 1, 1, 7, 10, 7, 7, 1, 1, 2, 6, 6, 26, 9, 1, 8, 6, 5, 1, 2, 9, 12, 2, 2, 3]
T:[12, 2, 18, 21, 2, 13, 1, 1, 7, 10, 7, 7, 1, 1, 2, 6, 6, 26, 9, 1, 8, 6, 5, 1, 2, 9, 12, 2, 2, 3]
firstSeleteArray:[4936, 705, 3878, 4230, 705, 3880, 353, 353, 1764, 1409, 1411, 1411, 353, 353, 1057, 1058, 705, 5644, 2116, 353, 1762, 1411, 706, 705, 706, 2469, 2470, 1058, 705, 353]
firstGenerateArray:[33500, 5994, 41959, 48662, 5289, 34909, 3526, 3173, 17631, 25036, 16925, 17278, 2821, 3174, 6699, 17631, 15516, 61355, 21157, 3174, 21509, 16927, 14457, 3174, 5289, 21511, 28913, 5641, 5641, 8816]
firstExecuteArray:[7403, 1058, 7758, 8461, 706, 4586, 705, 353, 2822, 3877, 3174, 2823, 705, 705, 1058, 2468, 2821, 8814, 3527, 705, 2821, 2466, 2117, 353, 1058, 3526, 4230, 706, 1058, 1058]
allSeleteArray:[4936, 705, 3878, 4230, 705, 3880, 353, 353, 1764, 1409, 1411, 1411, 353, 353, 1057, 1058, 705, 5644, 2116, 353, 1762, 1411, 706, 705, 706, 2469, 2470, 1058, 705, 353]
allGenerateArray:[33500, 5994, 41959, 48662, 5289, 34909, 3526, 3173, 17631, 25036, 16925, 17278, 2821, 3174, 6699, 17631, 15516, 61355, 21157, 3174, 21509, 16927, 14457, 3174, 5289, 21511, 28913, 5641, 5641, 8816]
allExecuteArray:[7403, 1058, 7758, 8461, 706, 4586, 705, 353, 2822, 3877, 3174, 2823, 705, 705, 1058, 2468, 2821, 8814, 3527, 705, 2821, 2466, 2117, 353, 1058, 3526, 4230, 706, 1058, 1058]
averageF:6.0
averageT:6.0
averagefirstSelete:1633.0
averagefirstGenerate:17242.0
averagefirstExecute:2797.0
averageallSelete:1633.0
averageallGenerate:17242.0
averageallExecute:2797.0