F:[12, 5, 17, 13, 2, 13, 7, 20, 19, 2, 4, 2, 1, 8, 12, 12, 19, 6, 6, 9, 12, 3, 20, 3, 5, 6, 10, 5, 5, 1]
T:[12, 5, 17, 13, 2, 13, 7, 20, 19, 2, 4, 2, 1, 8, 12, 12, 19, 6, 6, 9, 12, 3, 20, 3, 5, 6, 10, 5, 5, 1]
firstSeleteArray:[13751, 5290, 7407, 7756, 2115, 9167, 5993, 15867, 11639, 1410, 3526, 2468, 1057, 5641, 9874, 11285, 20097, 8111, 6346, 8109, 14103, 2821, 9876, 3174, 2469, 3172, 6349, 3527, 5640, 1411]
firstGenerateArray:[64880, 22920, 41608, 38081, 6348, 51130, 33146, 110722, 65235, 5288, 17278, 9521, 3174, 32441, 44428, 57476, 95207, 28914, 35967, 38435, 1398126, 9168, 53249, 13047, 14105, 15515, 29617, 12694, 27855, 6699]
firstExecuteArray:[54304, 19041, 26447, 24683, 4936, 40552, 24331, 153741, 49011, 4584, 14458, 10931, 3174, 23977, 45135, 68758, 248242, 26444, 25034, 31737, 217214, 17983, 29971, 6700, 7052, 9874, 15515, 8815, 14458, 4231]
allSeleteArray:[13751, 5290, 7407, 7756, 2115, 9167, 5993, 15867, 11639, 1410, 3526, 2468, 1057, 5641, 9874, 11285, 20097, 8111, 6346, 8109, 14103, 2821, 9876, 3174, 2469, 3172, 6349, 3527, 5640, 1411]
allGenerateArray:[64880, 22920, 41608, 38081, 6348, 51130, 33146, 110722, 65235, 5288, 17278, 9521, 3174, 32441, 44428, 57476, 95207, 28914, 35967, 38435, 1398126, 9168, 53249, 13047, 14105, 15515, 29617, 12694, 27855, 6699]
allExecuteArray:[54304, 19041, 26447, 24683, 4936, 40552, 24331, 153741, 49011, 4584, 14458, 10931, 3174, 23977, 45135, 68758, 248242, 26444, 25034, 31737, 217214, 17983, 29971, 6700, 7052, 9874, 15515, 8815, 14458, 4231]
averageF:8.0
averageT:8.0
averagefirstSelete:6981.0
averagefirstGenerate:79409.0
averagefirstExecute:41044.0
averageallSelete:6981.0
averageallGenerate:79409.0
averageallExecute:41044.0
