F:[1, 2, 2, 9, 8, 5, 1, 9, 4, 6, 17, 2, 5, 9, 8, 9, 2, 1, 3, 5, 1, 3, 1, 3, 6, 1, 1, 5, 1, 14]
T:[1, 2, 2, 9, 8, 5, 1, 9, 4, 6, 17, 2, 5, 9, 8, 9, 2, 1, 3, 5, 1, 3, 1, 3, 6, 1, 1, 5, 1, 14]
firstSeleteArray:[1410, 2821, 1763, 6699, 3879, 2821, 352, 6700, 2116, 3880, 9520, 2821, 4936, 8464, 4583, 5642, 4936, 1058, 1763, 4583, 1058, 2117, 1410, 1411, 2819, 706, 705, 2116, 705, 8461]
firstGenerateArray:[8816, 15162, 6700, 25391, 22215, 12694, 12695, 27151, 11284, 17279, 54658, 10579, 28916, 45133, 33852, 42666, 12342, 3879, 15163, 25741, 5994, 13751, 3174, 11284, 18689, 3526, 3526, 14105, 3174, 52186]
firstExecuteArray:[4232, 4937, 1411, 7404, 6348, 3526, 3879, 7052, 2821, 3878, 12347, 3878, 10578, 9875, 9168, 10930, 5289, 1058, 4937, 9522, 2116, 3879, 1410, 2822, 4232, 705, 1058, 2468, 1058, 13751]
allSeleteArray:[1410, 2821, 1763, 6699, 3879, 2821, 352, 6700, 2116, 3880, 9520, 2821, 4936, 8464, 4583, 5642, 4936, 1058, 1763, 4583, 1058, 2117, 1410, 1411, 2819, 706, 705, 2116, 705, 8461]
allGenerateArray:[8816, 15162, 6700, 25391, 22215, 12694, 12695, 27151, 11284, 17279, 54658, 10579, 28916, 45133, 33852, 42666, 12342, 3879, 15163, 25741, 5994, 13751, 3174, 11284, 18689, 3526, 3526, 14105, 3174, 52186]
allExecuteArray:[4232, 4937, 1411, 7404, 6348, 3526, 3879, 7052, 2821, 3878, 12347, 3878, 10578, 9875, 9168, 10930, 5289, 1058, 4937, 9522, 2116, 3879, 1410, 2822, 4232, 705, 1058, 2468, 1058, 13751]
averageF:4.0
averageT:4.0
averagefirstSelete:3408.0
averagefirstGenerate:18724.0
averagefirstExecute:5218.0
averageallSelete:3408.0
averageallGenerate:18724.0
averageallExecute:5218.0