F:[22, 10, 2, 6, 7, 14, 36, 2, 48, 5, 3, 4, 1, 16, 1, 1, 1, 7, 4, 2, 1, 2, 28, 21, 5, 5, 26, 20, 18, 13]
T:[22, 10, 2, 6, 7, 14, 36, 2, 48, 5, 3, 4, 1, 16, 1, 1, 1, 7, 4, 2, 1, 2, 28, 21, 5, 5, 26, 20, 18, 13]
firstSeleteArray:[18336, 8463, 1059, 5994, 4585, 10580, 19391, 1764, 16930, 3879, 1763, 2115, 706, 5286, 705, 705, 705, 3528, 2115, 1059, 705, 1057, 9522, 9169, 2469, 2468, 10582, 9169, 7054, 15514]
firstGenerateArray:[189000, 56772, 11637, 45841, 39845, 77927, 164675, 13048, 144577, 26799, 10577, 13399, 3879, 49366, 4584, 4232, 4232, 23273, 13400, 6699, 4231, 7405, 83923, 63823, 18689, 19042, 78634, 63825, 56774, 301840]
firstExecuteArray:[78635, 24682, 5994, 24332, 19042, 29975, 67701, 5995, 51479, 9168, 4232, 5641, 1763, 17630, 1763, 2116, 2115, 8816, 5289, 2821, 2115, 3525, 31382, 22212, 7052, 6346, 27502, 21863, 19743, 125530]
allSeleteArray:[18336, 8463, 1059, 5994, 4585, 10580, 19391, 1764, 16930, 3879, 1763, 2115, 706, 5286, 705, 705, 705, 3528, 2115, 1059, 705, 1057, 9522, 9169, 2469, 2468, 10582, 9169, 7054, 15514]
allGenerateArray:[189000, 56772, 11637, 45841, 39845, 77927, 164675, 13048, 144577, 26799, 10577, 13399, 3879, 49366, 4584, 4232, 4232, 23273, 13400, 6699, 4231, 7405, 83923, 63823, 18689, 19042, 78634, 63825, 56774, 301840]
allExecuteArray:[78635, 24682, 5994, 24332, 19042, 29975, 67701, 5995, 51479, 9168, 4232, 5641, 1763, 17630, 1763, 2116, 2115, 8816, 5289, 2821, 2115, 3525, 31382, 22212, 7052, 6346, 27502, 21863, 19743, 125530]
averageF:11.0
averageT:11.0
averagefirstSelete:5912.0
averagefirstGenerate:53398.0
averagefirstExecute:21215.0
averageallSelete:5912.0
averageallGenerate:53398.0
averageallExecute:21215.0
