F:[16, 4, 63, 7, 1, 6, 9, 6, 4, 2, 5, 11, 6, 14, 3, 3, 2, 3, 2, 13, 18, 5, 20, 17, 5, 1, 4, 5, 3, 2]
T:[16, 4, 63, 7, 1, 6, 9, 6, 4, 2, 5, 11, 6, 14, 3, 3, 2, 3, 2, 13, 18, 5, 20, 17, 5, 1, 4, 5, 3, 2]
firstSeleteArray:[17984, 5993, 57131, 6702, 1411, 4233, 8462, 6697, 4232, 2115, 4231, 9168, 3878, 9522, 3173, 7406, 4231, 5290, 3527, 12344, 13399, 4938, 11284, 16926, 6346, 1763, 5291, 4584, 2468, 2115]
firstGenerateArray:[76870, 24682, 369544, 19394, 3173, 15162, 27504, 27855, 20805, 6348, 13400, 51127, 15163, 45486, 7405, 18336, 20803, 14809, 9874, 58889, 62768, 13399, 48661, 66644, 15867, 7052, 22569, 13401, 7758, 7405]
firstExecuteArray:[51132, 16926, 187594, 12694, 2468, 8815, 17278, 19747, 12694, 5642, 8463, 19042, 9168, 27151, 5289, 13398, 10225, 14458, 7053, 39140, 39848, 7053, 25036, 50428, 11636, 3879, 16574, 7755, 4937, 3878]
allSeleteArray:[17984, 5993, 57131, 6702, 1411, 4233, 8462, 6697, 4232, 2115, 4231, 9168, 3878, 9522, 3173, 7406, 4231, 5290, 3527, 12344, 13399, 4938, 11284, 16926, 6346, 1763, 5291, 4584, 2468, 2115]
allGenerateArray:[76870, 24682, 369544, 19394, 3173, 15162, 27504, 27855, 20805, 6348, 13400, 51127, 15163, 45486, 7405, 18336, 20803, 14809, 9874, 58889, 62768, 13399, 48661, 66644, 15867, 7052, 22569, 13401, 7758, 7405]
allExecuteArray:[51132, 16926, 187594, 12694, 2468, 8815, 17278, 19747, 12694, 5642, 8463, 19042, 9168, 27151, 5289, 13398, 10225, 14458, 7053, 39140, 39848, 7053, 25036, 50428, 11636, 3879, 16574, 7755, 4937, 3878]
averageF:8.0
averageT:8.0
averagefirstSelete:8228.0
averagefirstGenerate:37071.0
averagefirstExecute:21980.0
averageallSelete:8228.0
averageallGenerate:37071.0
averageallExecute:21980.0
