F:[23, 7, 11, 2, 6, 5, 5, 6, 38, 9, 1, 10, 18, 5, 5, 5, 20, 8, 5, 4, 4, 3, 10, 9, 6, 5, 1, 11, 7, 2]
T:[23, 7, 11, 2, 6, 5, 5, 6, 38, 9, 1, 10, 18, 5, 5, 5, 20, 8, 5, 4, 4, 3, 10, 9, 6, 5, 1, 11, 7, 2]
firstSeleteArray:[17987, 8816, 8461, 2468, 3879, 3175, 3877, 4232, 36317, 10931, 2115, 5289, 13754, 4937, 5996, 4232, 13045, 7405, 4936, 4584, 3173, 3528, 6702, 6700, 3174, 3879, 1763, 7405, 4937, 2468]
firstGenerateArray:[1271892, 84276, 92739, 12342, 26799, 22215, 26095, 38082, 361431, 978162, 8462, 46547, 1930230, 41607, 41257, 52893, 132230, 67702, 42314, 52186, 36671, 26445, 69818, 311007, 22920, 27504, 4584, 46896, 26798, 13399]
firstExecuteArray:[452059, 68408, 60648, 7758, 16925, 17279, 16573, 28563, 293377, 315238, 5290, 26445, 111782, 23273, 25388, 23978, 76166, 37730, 21862, 55713, 20804, 17278, 40901, 53951, 16926, 25388, 4936, 42315, 23273, 23625]
allSeleteArray:[17987, 8816, 8461, 2468, 3879, 3175, 3877, 4232, 36317, 10931, 2115, 5289, 13754, 4937, 5996, 4232, 13045, 7405, 4936, 4584, 3173, 3528, 6702, 6700, 3174, 3879, 1763, 7405, 4937, 2468]
allGenerateArray:[1271892, 84276, 92739, 12342, 26799, 22215, 26095, 38082, 361431, 978162, 8462, 46547, 1930230, 41607, 41257, 52893, 132230, 67702, 42314, 52186, 36671, 26445, 69818, 311007, 22920, 27504, 4584, 46896, 26798, 13399]
allExecuteArray:[452059, 68408, 60648, 7758, 16925, 17279, 16573, 28563, 293377, 315238, 5290, 26445, 111782, 23273, 25388, 23978, 76166, 37730, 21862, 55713, 20804, 17278, 40901, 53951, 16926, 25388, 4936, 42315, 23273, 23625]
averageF:8.0
averageT:8.0
averagefirstSelete:7005.0
averagefirstGenerate:197183.0
averagefirstExecute:65128.0
averageallSelete:7005.0
averageallGenerate:197183.0
averageallExecute:65128.0