F:[2, 8, 7, 12, 1, 26, 6, 8, 2, 34, 4, 13, 25, 2, 21, 3, 6, 3, 2, 2, 1, 13, 45, 8, 7, 20, 1, 8, 11, 16]
T:[2, 8, 7, 12, 1, 26, 6, 8, 2, 34, 4, 13, 25, 2, 21, 3, 6, 3, 2, 2, 1, 13, 45, 8, 7, 20, 1, 8, 11, 16]
firstSeleteArray:[1410, 2821, 2821, 2116, 705, 4586, 4937, 4583, 1764, 14458, 2115, 4586, 7760, 1058, 11635, 2470, 3174, 1058, 1763, 1057, 705, 6347, 22214, 3528, 2820, 9522, 352, 1763, 4230, 3879]
firstGenerateArray:[21862, 27856, 17278, 28210, 3527, 62415, 27152, 46545, 14104, 178071, 24330, 55715, 101906, 10226, 105787, 16220, 29973, 13752, 12342, 11989, 6347, 66293, 232373, 40552, 32792, 106486, 4936, 23977, 33145, 39847]
firstExecuteArray:[5289, 10226, 6700, 12341, 1763, 24331, 13048, 26094, 5995, 78633, 9521, 20453, 34557, 4231, 68760, 9168, 17984, 5290, 7052, 6348, 3526, 40551, 136114, 21157, 15515, 58181, 1763, 8111, 13399, 16924]
allSeleteArray:[1410, 2821, 2821, 2116, 705, 4586, 4937, 4583, 1764, 14458, 2115, 4586, 7760, 1058, 11635, 2470, 3174, 1058, 1763, 1057, 705, 6347, 22214, 3528, 2820, 9522, 352, 1763, 4230, 3879]
allGenerateArray:[21862, 27856, 17278, 28210, 3527, 62415, 27152, 46545, 14104, 178071, 24330, 55715, 101906, 10226, 105787, 16220, 29973, 13752, 12342, 11989, 6347, 66293, 232373, 40552, 32792, 106486, 4936, 23977, 33145, 39847]
allExecuteArray:[5289, 10226, 6700, 12341, 1763, 24331, 13048, 26094, 5995, 78633, 9521, 20453, 34557, 4231, 68760, 9168, 17984, 5290, 7052, 6348, 3526, 40551, 136114, 21157, 15515, 58181, 1763, 8111, 13399, 16924]
averageF:10.0
averageT:10.0
averagefirstSelete:4407.0
averagefirstGenerate:46533.0
averagefirstExecute:22767.0
averageallSelete:4407.0
averageallGenerate:46533.0
averageallExecute:22767.0