F:[9, 3, 6, 2, 14, 3, 3, 18, 27, 11, 8, 20, 3, 3, 10, 3, 11, 19, 6, 13, 9, 1, 2, 15, 17, 18, 1, 12, 10, 42]
T:[9, 3, 6, 2, 14, 3, 3, 18, 27, 11, 8, 20, 3, 3, 10, 3, 11, 19, 6, 13, 9, 1, 2, 15, 17, 18, 1, 12, 10, 42]
firstSeleteArray:[64849, 55984, 87241, 32191, 101701, 34522, 38722, 315840, 153025, 89109, 56918, 118964, 34056, 30791, 90039, 39656, 80245, 158618, 148358, 75577, 66712, 19128, 41987, 97041, 107301, 237931, 19128, 136695, 258925, 291581]
firstGenerateArray:[187079, 188013, 126429, 73711, 296248, 68581, 66715, 776774, 486125, 232333, 243062, 357832, 62516, 99371, 193609, 68579, 202008, 569635, 314909, 232334, 171684, 44320, 48520, 286921, 303247, 620953, 31257, 781908, 355498, 888744]
firstExecuteArray:[17727, 23792, 16328, 11196, 34525, 8863, 9330, 112436, 52714, 24725, 26126, 36387, 8864, 13063, 27992, 9797, 23326, 61583, 43386, 25659, 18194, 7465, 9797, 28923, 32185, 59717, 5132, 86775, 36390, 112436]
allSeleteArray:[64849, 55984, 87241, 32191, 101701, 34522, 38722, 315840, 153025, 89109, 56918, 118964, 34056, 30791, 90039, 39656, 80245, 158618, 148358, 75577, 66712, 19128, 41987, 97041, 107301, 237931, 19128, 136695, 258925, 291581]
allGenerateArray:[187079, 188013, 126429, 73711, 296248, 68581, 66715, 776774, 486125, 232333, 243062, 357832, 62516, 99371, 193609, 68579, 202008, 569635, 314909, 232334, 171684, 44320, 48520, 286921, 303247, 620953, 31257, 781908, 355498, 888744]
allExecuteArray:[17727, 23792, 16328, 11196, 34525, 8863, 9330, 112436, 52714, 24725, 26126, 36387, 8864, 13063, 27992, 9797, 23326, 61583, 43386, 25659, 18194, 7465, 9797, 28923, 32185, 59717, 5132, 86775, 36390, 112436]
averageF:10.0
averageT:10.0
averagefirstSelete:102761.0
averagefirstGenerate:279297.0
averagefirstExecute:32827.0
averageallSelete:102761.0
averageallGenerate:279297.0
averageallExecute:32827.0