F:[11, 5, 27, 58, 1, 33, 68, 38, 86, 3, 23, 14, 46, 13, 3, 124, 93, 85, 144, 11, 15, 9, 30, 7, 48, 60, 72, 12, 35, 64]
T:[65, 41, 36, 122, 474, 283, 142, 149, 165, 15, 158, 77, 118, 196, 201, 182, 420, 194, 271, 34, 66, 127, 160, 75, 174, 163, 186, 374, 48, 116]
firstSeleteArray:[4583, 2466, 9167, 29264, 1410, 11993, 22569, 14107, 29971, 1411, 16220, 7759, 21161, 5643, 1059, 83916, 53943, 29268, 55008, 6346, 10578, 5289, 13750, 4584, 20809, 20804, 29268, 5642, 24332, 29272]
firstGenerateArray:[112133, 35960, 223909, 626940, 12693, 295140, 583226, 328291, 830742, 16925, 1349468, 150920, 511293, 162908, 24331, 1696089, 1083592, 739088, 1264832, 166082, 218267, 83218, 453115, 84276, 440069, 589570, 942546, 89557, 537738, 680888]
firstExecuteArray:[13397, 5295, 26804, 92394, 2822, 31738, 63473, 36323, 76890, 2822, 44773, 20456, 63478, 19390, 3879, 208036, 122005, 75107, 135412, 16223, 22563, 11989, 44428, 7404, 42310, 49711, 208053, 11994, 61007, 61001]
allSeleteArray:[21507, 14808, 12339, 70873, 163262, 84275, 44787, 44437, 53598, 4232, 102261, 34203, 47956, 78283, 73343, 105423, 157981, 61000, 141394, 15868, 39145, 53948, 86034, 27148, 61011, 49711, 92037, 119523, 33146, 47961]
allGenerateArray:[416803, 198519, 270805, 1005305, 2130138, 1197485, 991206, 692192, 1130470, 51126, 2704576, 423842, 796914, 998962, 1532827, 1954207, 2324459, 1224993, 2120986, 369548, 412561, 523278, 1211588, 449234, 1082194, 1184789, 1424221, 1215454, 620250, 919613]
allExecuteArray:[41600, 21516, 32095, 135761, 210167, 112153, 102261, 68758, 97691, 6348, 193220, 46549, 94157, 106144, 172079, 230955, 230255, 117781, 718288, 33855, 43368, 62066, 135054, 37732, 98731, 90977, 514481, 102622, 70882, 82512]
averageF:41.0
averageT:161.0
averagefirstSelete:19053.0
averagefirstGenerate:477793.0
averagefirstExecute:52705.0
averageallSelete:64716.0
averageallGenerate:1052618.0
averageallExecute:133668.0
