F:[30, 8, 49, 3, 6, 38, 91, 12, 2, 76, 23, 22, 1, 18, 66, 1, 68, 84, 60, 28, 10, 35, 3, 82, 5, 46, 40, 57, 16, 30]
T:[30, 8, 49, 3, 6, 38, 91, 12, 2, 76, 23, 22, 1, 18, 66, 1, 68, 84, 60, 28, 10, 35, 3, 82, 5, 46, 40, 57, 16, 30]
firstSeleteArray:[16577, 4935, 25386, 2820, 3881, 20096, 46893, 6348, 2116, 54652, 22566, 8458, 1058, 9520, 68055, 1410, 34562, 60999, 38080, 25738, 6347, 19037, 2468, 47598, 4584, 22215, 20456, 24332, 11638, 49368]
firstGenerateArray:[143517, 37377, 216860, 17279, 26094, 161498, 392812, 57125, 10932, 383646, 154448, 59595, 4232, 78282, 640006, 6347, 302900, 364253, 258822, 141753, 42666, 154796, 15515, 356853, 28914, 202753, 174894, 250357, 75107, 209454]
firstExecuteArray:[45488, 13048, 71583, 7405, 8816, 53952, 129413, 19748, 4585, 141404, 49719, 19394, 1763, 27150, 267987, 2821, 102618, 135044, 94855, 62061, 14103, 48661, 5290, 125889, 10931, 63121, 59242, 80040, 31738, 162909]
allSeleteArray:[16577, 4935, 25386, 2820, 3881, 20096, 46893, 6348, 2116, 54652, 22566, 8458, 1058, 9520, 68055, 1410, 34562, 60999, 38080, 25738, 6347, 19037, 2468, 47598, 4584, 22215, 20456, 24332, 11638, 49368]
allGenerateArray:[143517, 37377, 216860, 17279, 26094, 161498, 392812, 57125, 10932, 383646, 154448, 59595, 4232, 78282, 640006, 6347, 302900, 364253, 258822, 141753, 42666, 154796, 15515, 356853, 28914, 202753, 174894, 250357, 75107, 209454]
allExecuteArray:[45488, 13048, 71583, 7405, 8816, 53952, 129413, 19748, 4585, 141404, 49719, 19394, 1763, 27150, 267987, 2821, 102618, 135044, 94855, 62061, 14103, 48661, 5290, 125889, 10931, 63121, 59242, 80040, 31738, 162909]
averageF:33.0
averageT:33.0
averagefirstSelete:22073.0
averagefirstGenerate:165636.0
averagefirstExecute:62025.0
averageallSelete:22073.0
averageallGenerate:165636.0
averageallExecute:62025.0