F:[8, 9, 5, 12, 6, 1, 3, 14, 8, 3, 3, 9, 17, 5, 7, 8, 2, 20, 6, 1, 7, 3, 29, 5, 4, 3, 2, 6, 20, 15]
T:[8, 9, 5, 12, 6, 1, 3, 14, 8, 3, 3, 9, 17, 5, 7, 8, 2, 20, 6, 1, 7, 3, 29, 5, 4, 3, 2, 6, 20, 15]
firstSeleteArray:[3527, 2822, 2114, 4583, 2116, 705, 1058, 4583, 4231, 1763, 1764, 3176, 4584, 2823, 2467, 2468, 706, 5641, 3174, 1410, 2822, 1410, 11984, 2115, 1410, 1059, 706, 1761, 7407, 6348]
firstGenerateArray:[28562, 27151, 13045, 32438, 15163, 3174, 8110, 33145, 19042, 7758, 8464, 21511, 39494, 19747, 16925, 21158, 5643, 47602, 22215, 8463, 18689, 13047, 70524, 20097, 9873, 7759, 5642, 15161, 53246, 49017]
firstExecuteArray:[8813, 5291, 2470, 5994, 3525, 1410, 2116, 7053, 3174, 1763, 2115, 5288, 7757, 4583, 3880, 7404, 2115, 8818, 4936, 2468, 4936, 4232, 12697, 4233, 2469, 2115, 1763, 3175, 10226, 92385]
allSeleteArray:[3527, 2822, 2114, 4583, 2116, 705, 1058, 4583, 4231, 1763, 1764, 3176, 4584, 2823, 2467, 2468, 706, 5641, 3174, 1410, 2822, 1410, 11984, 2115, 1410, 1059, 706, 1761, 7407, 6348]
allGenerateArray:[28562, 27151, 13045, 32438, 15163, 3174, 8110, 33145, 19042, 7758, 8464, 21511, 39494, 19747, 16925, 21158, 5643, 47602, 22215, 8463, 18689, 13047, 70524, 20097, 9873, 7759, 5642, 15161, 53246, 49017]
allExecuteArray:[8813, 5291, 2470, 5994, 3525, 1410, 2116, 7053, 3174, 1763, 2115, 5288, 7757, 4583, 3880, 7404, 2115, 8818, 4936, 2468, 4936, 4232, 12697, 4233, 2469, 2115, 1763, 3175, 10226, 92385]
averageF:8.0
averageT:8.0
averagefirstSelete:3091.0
averagefirstGenerate:22062.0
averagefirstExecute:7640.0
averageallSelete:3091.0
averageallGenerate:22062.0
averageallExecute:7640.0
