F:[28, 6, 3, 24, 16, 6, 4, 44, 8, 20, 7, 2, 2, 5, 13, 10, 10, 1, 35, 29, 26, 5, 4, 9, 5, 4, 16, 3, 20, 6]
T:[28, 6, 3, 24, 16, 6, 4, 44, 8, 20, 7, 2, 2, 5, 13, 10, 10, 1, 35, 29, 26, 5, 4, 9, 5, 4, 16, 3, 20, 6]
firstSeleteArray:[15514, 4233, 2115, 13398, 10932, 3527, 3526, 29620, 6346, 12343, 4231, 1057, 1410, 4584, 10934, 7407, 8109, 1411, 21509, 172783, 16576, 3174, 2822, 5995, 3525, 5287, 11636, 2469, 15872, 6348]
firstGenerateArray:[173136, 45134, 19393, 137518, 89915, 38083, 24331, 245420, 57478, 122713, 41258, 13047, 12694, 44429, 100145, 64176, 313124, 9168, 220037, 184771, 153388, 32089, 26799, 55010, 33146, 26093, 99791, 19393, 156913, 51129]
firstExecuteArray:[36322, 11989, 4585, 25035, 17985, 7051, 4937, 44078, 13047, 26798, 8814, 3173, 2820, 13753, 26799, 12693, 22570, 2115, 42667, 34556, 30679, 7403, 6700, 11989, 8815, 6347, 18337, 4231, 35966, 13047]
allSeleteArray:[15514, 4233, 2115, 13398, 10932, 3527, 3526, 29620, 6346, 12343, 4231, 1057, 1410, 4584, 10934, 7407, 8109, 1411, 21509, 172783, 16576, 3174, 2822, 5995, 3525, 5287, 11636, 2469, 15872, 6348]
allGenerateArray:[173136, 45134, 19393, 137518, 89915, 38083, 24331, 245420, 57478, 122713, 41258, 13047, 12694, 44429, 100145, 64176, 313124, 9168, 220037, 184771, 153388, 32089, 26799, 55010, 33146, 26093, 99791, 19393, 156913, 51129]
allExecuteArray:[36322, 11989, 4585, 25035, 17985, 7051, 4937, 44078, 13047, 26798, 8814, 3173, 2820, 13753, 26799, 12693, 22570, 2115, 42667, 34556, 30679, 7403, 6700, 11989, 8815, 6347, 18337, 4231, 35966, 13047]
averageF:12.0
averageT:12.0
averagefirstSelete:13623.0
averagefirstGenerate:86990.0
averagefirstExecute:16843.0
averageallSelete:13623.0
averageallGenerate:86990.0
averageallExecute:16843.0