F:[19, 39, 29, 51, 5, 2, 22, 23, 2, 8, 28, 18, 9, 12, 48, 2, 6, 21, 4, 16, 10, 2, 34, 72, 20, 40, 12, 14, 36, 1]
T:[167, 79, 126, 67, 138, 82, 51, 145, 24, 89, 21, 205, 181, 11, 255, 144, 221, 24, 248, 73, 60, 131, 90, 90, 26, 124, 34, 610, 37, 141]
firstSeleteArray:[157272, 84276, 185829, 123065, 17631, 63472, 209810, 102964, 4584, 38789, 29267, 130819, 28209, 20453, 190065, 147394, 96971, 74050, 42667, 74406, 41966, 33500, 164673, 29973, 9521, 203457, 24684, 70525, 78986, 89917]
firstGenerateArray:[315246, 161849, 389648, 217916, 53244, 110362, 454184, 253182, 11636, 69112, 73346, 301133, 72636, 30675, 421381, 335339, 192882, 184418, 107199, 185828, 95558, 88506, 402686, 85334, 20451, 490842, 63119, 176664, 183718, 219328]
firstExecuteArray:[29970, 18691, 49014, 24681, 4232, 11992, 54293, 27503, 3526, 11283, 8111, 36679, 8466, 5291, 35262, 70521, 14105, 14104, 6344, 13752, 6348, 4229, 24683, 6699, 2821, 23984, 4936, 13750, 14807, 16222]
allSeleteArray:[1308220, 517647, 1045861, 300780, 804670, 350500, 266933, 843104, 133994, 498602, 120595, 1150593, 834642, 63120, 1513448, 956654, 977808, 127298, 1251431, 277871, 242255, 487321, 364256, 486974, 131530, 581821, 171372, 3436258, 138931, 575117]
allGenerateArray:[914334, 602267, 1117103, 399516, 726405, 416083, 550448, 989087, 181597, 481668, 215451, 1252492, 853681, 59237, 1786354, 1033522, 992974, 235192, 1268026, 382941, 278921, 563480, 589923, 659410, 135405, 819479, 228499, 2962342, 241194, 724628]
allExecuteArray:[96267, 71936, 104016, 40547, 70174, 54657, 65578, 98036, 17984, 53594, 22568, 130838, 77234, 8818, 239077, 147034, 58192, 16572, 78632, 23980, 15161, 29974, 34205, 47237, 11281, 42673, 15162, 166430, 18336, 41962]
averageF:20.0
averageT:123.0
averagefirstSelete:85639.0
averagefirstGenerate:192247.0
averagefirstExecute:18876.0
averageallSelete:665320.0
averageallGenerate:722055.0
averageallExecute:63271.0
