F:[8, 12, 19, 13, 14, 1, 11, 22, 18, 18, 5, 11, 4, 32, 9, 5, 3, 9, 3, 18, 5, 3, 27, 20, 2, 9, 11, 7, 1, 40]
T:[8, 12, 19, 13, 14, 1, 11, 22, 18, 18, 5, 11, 4, 32, 9, 5, 3, 9, 3, 18, 5, 3, 27, 20, 2, 9, 11, 7, 1, 40]
firstSeleteArray:[107195, 155154, 157618, 105082, 110724, 7052, 5599216, 286322, 222853, 231319, 50423, 94853, 31382, 266574, 71227, 43724, 22567, 71580, 42314, 224617, 46545, 21509, 224619, 167143, 33499, 307833, 143515, 78985, 8815, 522578]
firstGenerateArray:[56065, 73697, 67702, 46547, 49365, 4584, 70877, 144572, 112485, 272223, 22920, 42313, 15515, 109665, 32440, 19393, 11637, 32443, 33500, 114948, 19747, 11637, 93442, 69819, 52188, 113544, 70876, 41961, 8110, 254237]
firstExecuteArray:[11635, 15870, 13399, 8461, 9168, 1410, 18688, 26448, 20449, 25740, 4937, 6348, 3173, 19744, 6700, 3174, 2468, 5994, 9873, 23275, 5288, 2467, 16221, 13046, 9168, 29973, 13401, 8464, 1764, 47252]
allSeleteArray:[107195, 155154, 157618, 105082, 110724, 7052, 5599216, 286322, 222853, 231319, 50423, 94853, 31382, 266574, 71227, 43724, 22567, 71580, 42314, 224617, 46545, 21509, 224619, 167143, 33499, 307833, 143515, 78985, 8815, 522578]
allGenerateArray:[56065, 73697, 67702, 46547, 49365, 4584, 70877, 144572, 112485, 272223, 22920, 42313, 15515, 109665, 32440, 19393, 11637, 32443, 33500, 114948, 19747, 11637, 93442, 69819, 52188, 113544, 70876, 41961, 8110, 254237]
allExecuteArray:[11635, 15870, 13399, 8461, 9168, 1410, 18688, 26448, 20449, 25740, 4937, 6348, 3173, 19744, 6700, 3174, 2468, 5994, 9873, 23275, 5288, 2467, 16221, 13046, 9168, 29973, 13401, 8464, 1764, 47252]
averageF:12.0
averageT:12.0
averagefirstSelete:315227.0
averagefirstGenerate:68948.0
averagefirstExecute:12799.0
averageallSelete:315227.0
averageallGenerate:68948.0
averageallExecute:12799.0