F:[4, 13, 4, 35, 9, 4, 10, 6, 1, 12, 3, 13, 1, 13, 7, 11, 7, 5, 3, 3, 12, 79, 1, 2, 15, 5, 24, 47, 5, 1]
T:[4, 13, 4, 35, 9, 4, 10, 6, 1, 12, 3, 13, 1, 13, 7, 11, 7, 5, 3, 3, 12, 79, 1, 2, 15, 5, 24, 47, 5, 1]
firstSeleteArray:[45488, 107196, 38789, 299729, 89918, 40551, 86393, 45487, 9521, 105785, 28209, 85336, 6347, 76871, 41964, 64531, 62061, 44781, 31735, 20452, 77929, 443944, 11636, 18689, 128000, 34909, 143869, 258822, 35614, 5995]
firstGenerateArray:[31736, 62062, 21862, 155862, 44430, 20804, 61356, 23976, 8111, 56420, 17278, 40200, 4584, 43725, 21863, 31382, 35965, 52893, 18690, 10929, 35261, 233429, 11637, 16220, 70876, 17632, 97325, 130469, 15516, 4231]
firstExecuteArray:[12342, 19040, 7053, 45838, 15164, 10226, 16220, 7053, 3878, 16220, 5642, 10929, 2468, 9518, 5287, 8463, 11286, 10226, 6700, 3527, 9873, 61002, 4584, 4232, 20805, 5993, 20452, 31737, 4936, 2116]
allSeleteArray:[45488, 107196, 38789, 299729, 89918, 40551, 86393, 45487, 9521, 105785, 28209, 85336, 6347, 76871, 41964, 64531, 62061, 44781, 31735, 20452, 77929, 443944, 11636, 18689, 128000, 34909, 143869, 258822, 35614, 5995]
allGenerateArray:[31736, 62062, 21862, 155862, 44430, 20804, 61356, 23976, 8111, 56420, 17278, 40200, 4584, 43725, 21863, 31382, 35965, 52893, 18690, 10929, 35261, 233429, 11637, 16220, 70876, 17632, 97325, 130469, 15516, 4231]
allExecuteArray:[12342, 19040, 7053, 45838, 15164, 10226, 16220, 7053, 3878, 16220, 5642, 10929, 2468, 9518, 5287, 8463, 11286, 10226, 6700, 3527, 9873, 61002, 4584, 4232, 20805, 5993, 20452, 31737, 4936, 2116]
averageF:11.0
averageT:11.0
averagefirstSelete:83018.0
averagefirstGenerate:46557.0
averagefirstExecute:13093.0
averageallSelete:83018.0
averageallGenerate:46557.0
averageallExecute:13093.0