F:[25, 5, 18, 7, 4, 16, 1, 3, 6, 23, 7, 7, 10, 19, 24, 11, 10, 4, 12, 11, 6, 6, 6, 5, 2, 33, 10, 5, 4, 18]
T:[25, 5, 18, 7, 4, 16, 1, 3, 6, 23, 7, 7, 10, 19, 24, 11, 10, 4, 12, 11, 6, 6, 6, 5, 2, 33, 10, 5, 4, 18]
firstSeleteArray:[90270, 18335, 59592, 23273, 12342, 51129, 3526, 9167, 19747, 78985, 21861, 22215, 30678, 64176, 82159, 35968, 32794, 13752, 53244, 39494, 44429, 34910, 32088, 24330, 7757, 113541, 32793, 17279, 12695, 58533]
firstGenerateArray:[57124, 11283, 38787, 15868, 9169, 34557, 2821, 7405, 15868, 48308, 15869, 14810, 21509, 39847, 50073, 23625, 21510, 10227, 55009, 24333, 25035, 16222, 18689, 12694, 4936, 68762, 21509, 10931, 9168, 38082]
firstExecuteArray:[6345, 2115, 3173, 1409, 352, 3175, 353, 1058, 1057, 6348, 2116, 2115, 2468, 4936, 5289, 2116, 1411, 705, 5288, 2820, 4232, 3527, 3174, 2116, 1058, 6700, 2115, 1763, 706, 4585]
allSeleteArray:[90270, 18335, 59592, 23273, 12342, 51129, 3526, 9167, 19747, 78985, 21861, 22215, 30678, 64176, 82159, 35968, 32794, 13752, 53244, 39494, 44429, 34910, 32088, 24330, 7757, 113541, 32793, 17279, 12695, 58533]
allGenerateArray:[57124, 11283, 38787, 15868, 9169, 34557, 2821, 7405, 15868, 48308, 15869, 14810, 21509, 39847, 50073, 23625, 21510, 10227, 55009, 24333, 25035, 16222, 18689, 12694, 4936, 68762, 21509, 10931, 9168, 38082]
allExecuteArray:[6345, 2115, 3173, 1409, 352, 3175, 353, 1058, 1057, 6348, 2116, 2115, 2468, 4936, 5289, 2116, 1411, 705, 5288, 2820, 4232, 3527, 3174, 2116, 1058, 6700, 2115, 1763, 706, 4585]
averageF:10.0
averageT:10.0
averagefirstSelete:38035.0
averagefirstGenerate:24801.0
averagefirstExecute:2820.0
averageallSelete:38035.0
averageallGenerate:24801.0
averageallExecute:2820.0
